20131129-160607	15533	951137	4485515	1751641	2733874	1418231	20330	0	0	0	0	0	0	0	0	1	1	1	0	1	0	0	0	130	0	1773	16418	0	0	3502	3519	17191	1066	7083	7083	NORM	PA_E	9	0
20131129-160611	15533	951137	4485515	1751641	2733874	1418231	20330	0	0	0	0	0	0	0	0	1	1	1	0	1	0	0	0	130	0	1560	16402	0	0	3094	3101	17195	1059	7003	7003	NORM	PA_E	9	0
20131129-160614	15533	951137	4485515	1751641	2733874	1418231	20330	0	0	0	0	0	0	0	0	1	1	1	0	1	0	0	0	130	0	768	3912	0	0	138	395	17216	390	2124	2124	NORM	PA_E	9	0
20131129-160618	15533	951137	4485515	1751641	2733874	1418231	20330	0	0	0	0	0	0	0	0	1	1	1	0	1	0	0	0	130	0	0	0	0	0	0	0	17222	30	213	195	NORM	PA_E	9	0
20131129-160622	15533	951137	4485515	1751641	2733874	1418231	20330	0	0	0	0	0	0	0	0	1	1	1	0	1	0	0	0	130	0	0	0	0	0	0	0	17224	30	213	213	NORM	PA_E	9	0
20131129-160626	15533	951137	4485515	1751641	2733874	1418231	20330	0	0	0	0	0	0	0	0	1	1	1	0	1	0	0	0	130	0	541	6539	0	0	1108	1099	17220	387	2639	2737	NORM	PA_E	9	0
20131129-160629	15533	951137	4485515	1751641	2733874	1418231	20330	0	0	0	0	0	0	0	0	1	1	1	0	1	0	0	0	130	0	516	6575	0	0	1021	1032	17216	420	2782	2782	NORM	PA_E	9	0
20131129-160633	15533	951137	4485515	1751641	2733874	1418231	20330	0	0	0	0	0	0	0	0	1	1	1	0	1	0	0	0	130	0	120	1352	0	0	175	18	17228	101	737	515	NORM	PA_E	9	0
20131129-160637	15533	951137	4485515	1751641	2733874	1418231	20330	0	0	0	0	0	0	0	0	1	1	1	0	1	0	0	0	130	0	64	870	0	0	128	129	17216	78	551	551	NORM	PA_E	9	0
20131129-160640	15533	951137	4485515	1751641	2733874	1418231	20330	0	0	0	0	0	0	0	0	1	1	1	0	1	0	0	0	130	0	64	880	0	0	190	189	17219	96	648	648	NORM	PA_E	9	0
20131129-160644	15533	951137	4485515	1751641	2733874	1418231	20330	0	0	0	0	0	0	0	0	1	1	1	0	1	0	0	0	130	0	314	4392	0	0	634	631	17214	287	1902	1902	NORM	PA_E	9	0
20131129-160648	15533	951137	4485515	1751641	2733874	1418231	20330	0	0	0	0	0	0	0	0	1	1	1	0	1	0	0	0	130	0	237	3375	0	0	473	456	17224	239	1573	1573	NORM	PA_E	9	0
20131129-160651	15533	951137	4485528	1751641	2733887	1418231	20330	0	0	0	0	0	0	0	0	1	1	1	0	1	0	0	0	130	0	1	17	0	0	0	0	17223	63	346	346	NORM	PA_E	9	0
20131129-160655	15533	951137	4485528	1751641	2733887	1418232	20330	0	0	0	0	0	0	0	0	1	1	1	0	1	0	0	0	130	0	0	0	0	0	0	0	17230	25	177	177	NORM	PA_E	9	0
20131129-160659	15533	951137	4485528	1751641	2733887	1418232	20330	0	0	0	0	0	0	0	0	1	1	1	0	1	0	0	0	130	0	0	0	0	0	0	0	17227	26	186	186	NORM	PA_E	9	0
20131129-160703	15533	951137	4485528	1751641	2733887	1418232	20330	0	0	0	0	0	0	0	0	1	1	1	0	1	0	0	0	130	0	0	0	0	0	0	0	17231	34	231	231	NORM	PA_E	9	0
20131129-160707	15533	951137	4485528	1751641	2733887	1418232	20330	0	0	0	0	0	0	0	0	1	1	1	0	1	0	0	0	130	0	0	0	0	0	0	0	17228	26	186	186	NORM	PA_E	9	0
20131129-160710	15533	951137	4485528	1751641	2733887	1418232	20330	0	0	0	0	0	0	0	0	1	1	1	0	1	0	0	0	130	0	0	0	0	0	0	0	17222	30	213	213	NORM	PA_E	9	0
20131129-160714	15533	951137	4485528	1751641	2733887	1418232	20330	0	0	0	0	0	0	0	0	1	1	1	0	1	0	0	0	130	0	764	9387	0	0	1513	1519	17218	578	3901	4035	NORM	PA_E	9	0
20131129-160718	15533	951137	4485528	1751641	2733887	1418232	20330	0	0	0	0	0	0	0	0	1	1	1	0	1	0	0	0	130	0	869	10994	0	0	1740	1741	17217	702	4657	4657	NORM	PA_E	9	0
20131129-160721	15533	951137	4485528	1751641	2733887	1418232	20330	0	0	0	0	0	0	0	0	1	1	1	0	1	0	0	0	130	0	853	11007	0	0	1703	1696	17225	694	4595	4595	NORM	PA_E	9	0
20131129-160725	15533	951137	4485528	1751641	2733887	1418232	20330	0	0	0	0	0	0	0	0	1	1	1	0	1	0	0	0	130	0	662	8746	0	0	1320	1281	17222	558	3653	3653	NORM	PA_E	9	0
20131129-160729	15533	951137	4485528	1751641	2733887	1418232	20330	0	0	0	0	0	0	0	0	1	1	1	0	1	0	0	0	130	0	507	6451	0	0	362	376	17226	393	2150	2150	NORM	PA_E	9	0
20131129-160732	15533	951137	4485528	1751641	2733887	1418232	20330	0	0	0	0	0	0	0	0	1	1	1	0	1	0	0	0	130	0	0	0	0	0	0	0	17238	31	213	213	NORM	PA_E	9	0
20131129-160736	15533	951137	4485528	1751641	2733887	1418233	20330	0	0	0	0	0	0	0	0	1	1	1	0	1	0	0	0	130	0	0	0	0	0	0	0	17234	30	213	213	NORM	PA_E	9	0
20131129-160740	15533	951137	4485528	1751641	2733887	1418233	20330	0	0	0	0	0	0	0	0	1	1	1	0	1	0	0	0	130	0	0	0	0	0	0	0	17218	32	222	222	NORM	PA_E	9	0
20131129-160744	15533	951137	4485528	1751641	2733887	1418233	20330	0	0	0	0	0	0	0	0	1	1	1	0	1	0	0	0	130	0	0	0	0	0	0	0	17223	32	213	213	NORM	PA_E	9	0
20131129-160747	15533	951137	4485528	1751641	2733887	1418233	20330	0	0	0	0	0	0	0	0	1	1	1	0	1	0	0	0	130	0	0	0	0	0	0	0	17232	30	213	213	NORM	PA_E	9	0
20131129-160751	15533	951137	4485534	1751641	2733893	1418233	20330	0	0	0	0	0	0	0	0	1	1	1	0	1	0	0	0	130	0	0	0	0	0	0	0	17234	34	231	231	NORM	PA_E	9	0
20131129-160755	15533	951137	4485534	1751641	2733893	1418233	20330	0	0	0	0	0	0	0	0	1	1	1	0	1	0	0	0	130	0	0	0	0	0	0	0	17234	35	231	231	NORM	PA_E	9	0
20131129-160759	15533	951137	4485534	1751641	2733893	1418233	20330	0	0	0	0	0	0	0	0	1	1	1	0	1	0	0	0	130	0	0	0	0	0	0	0	17241	36	239	239	NORM	PA_E	9	0
20131129-160802	15533	951137	4485534	1751641	2733893	1418233	20330	0	0	0	0	0	0	0	0	1	1	1	0	1	0	0	0	130	0	0	0	0	0	0	0	17242	41	284	284	NORM	PA_E	9	0
20131129-160806	15533	951137	4485534	1751641	2733893	1418233	20330	0	0	0	0	0	0	0	0	1	1	1	0	1	0	0	0	130	0	0	0	0	0	0	0	17237	41	284	284	NORM	PA_E	9	0
20131129-160810	15533	951137	4485534	1751641	2733893	1418233	20330	0	0	0	0	0	0	0	0	1	1	1	0	1	0	0	0	130	0	0	0	0	0	0	0	17238	47	319	319	NORM	PA_E	9	0
20131129-160814	15533	951137	4485534	1751641	2733893	1418233	20330	0	0	0	0	0	0	0	0	1	1	1	0	1	0	0	0	130	0	0	0	0	0	0	0	17232	41	275	275	NORM	PA_E	9	0
20131129-160817	15533	951137	4485534	1751641	2733893	1418233	20330	0	0	0	0	0	0	0	0	1	1	1	0	1	0	0	0	130	0	0	0	0	0	0	0	17233	41	284	284	NORM	PA_E	9	0
20131129-160821	15533	951137	4485534	1751641	2733893	1418234	20330	0	0	0	0	0	0	0	0	1	1	1	0	1	0	0	0	130	0	0	0	0	0	0	0	17226	41	275	284	NORM	PA_E	9	0
20131129-160825	15533	951137	4485534	1751641	2733893	1418234	20330	0	0	0	0	0	0	0	0	1	1	1	0	1	0	0	0	130	0	0	0	0	0	0	0	17231	41	284	284	NORM	PA_E	9	0
20131129-160829	15533	951137	4485534	1751641	2733893	1418234	20330	0	0	0	0	0	0	0	0	1	1	1	0	1	0	0	0	130	0	0	0	0	0	0	0	17222	47	319	319	NORM	PA_E	9	0
20131129-160832	15533	951137	4485534	1751641	2733893	1418234	20330	0	0	0	0	0	0	0	0	1	1	1	0	1	0	0	0	130	0	568	6911	0	0	1218	1218	17213	451	3066	3164	NORM	PA_E	9	0
20131129-160836	15533	951137	4485534	1751641	2733893	1418234	20330	0	0	0	0	0	0	0	0	1	1	1	0	1	0	0	0	130	0	885	10968	0	0	1718	1716	17216	705	4701	4701	NORM	PA_E	9	0
20131129-160840	15533	951137	4485534	1751641	2733893	1418234	20330	0	0	0	0	0	0	0	0	1	1	1	0	1	0	0	0	130	0	778	9839	0	0	1503	1512	17210	648	4239	4239	NORM	PA_E	9	0
20131129-160843	15533	951137	4485534	1751641	2733893	1418234	20330	0	0	0	0	0	0	0	0	1	1	1	0	1	0	0	0	130	0	578	7349	0	0	1160	1148	17219	483	3190	3190	NORM	PA_E	9	0
20131129-160847	15533	951137	4485534	1751641	2733893	1418234	20330	0	0	0	0	0	0	0	0	1	1	1	0	1	0	0	0	130	0	653	8375	0	0	1305	1311	17221	542	3608	3599	NORM	PA_E	9	0
20131129-160851	15533	951137	4485538	1751641	2733897	1418234	20330	0	0	0	0	0	0	0	0	1	1	1	0	1	0	0	0	130	0	651	8395	0	0	1305	1305	17225	543	3590	3590	NORM	PA_E	9	0
20131129-160854	15533	951137	4485538	1751641	2733897	1418234	20330	0	0	0	0	0	0	0	0	1	1	1	0	1	0	0	0	130	0	430	5547	0	0	857	592	17225	348	2302	2302	NORM	PA_E	9	0
20131129-160858	15533	951137	4485538	1751641	2733897	1418234	20330	0	0	0	0	0	0	0	0	1	1	1	0	1	0	0	0	130	0	0	0	0	0	0	0	17230	34	231	231	NORM	PA_E	9	0
20131129-160902	15533	951137	4485538	1751641	2733897	1418234	20330	0	0	0	0	0	0	0	0	1	1	1	0	1	0	0	0	130	0	0	0	0	0	0	0	17224	26	186	186	NORM	PA_E	9	0
20131129-160906	15533	951137	4485538	1751641	2733897	1418235	20330	0	0	0	0	0	0	0	0	1	1	1	0	1	0	0	0	130	0	0	0	0	0	0	0	17228	28	204	204	NORM	PA_E	9	0
20131129-160909	15533	951137	4485538	1751641	2733897	1418235	20330	0	0	0	0	0	0	0	0	1	1	1	0	1	0	0	0	130	0	0	0	0	0	0	0	17233	34	231	231	NORM	PA_E	9	0
20131129-160913	15533	951137	4485538	1751641	2733897	1418235	20330	0	0	0	0	0	0	0	0	1	1	1	0	1	0	0	0	130	0	0	0	0	0	0	0	17227	34	231	231	NORM	PA_E	9	0
20131129-160917	15533	951137	4485538	1751641	2733897	1418235	20330	0	0	0	0	0	0	0	0	1	1	1	0	1	0	0	0	130	0	0	0	0	0	0	0	17233	28	195	195	NORM	PA_E	9	0
20131129-160921	15533	951137	4485538	1751641	2733897	1418235	20330	0	0	0	0	0	0	0	0	1	1	1	0	1	0	0	0	130	0	0	0	0	0	0	0	17234	27	195	195	NORM	PA_E	9	0
20131129-160924	15533	951137	4485538	1751641	2733897	1418235	20330	0	0	0	0	0	0	0	0	1	1	1	0	1	0	0	0	130	0	64975	0	3341	0	64209	64245	17246	270	1893	1893	NORM	PA_E	9	0
20131129-160928	15533	951137	4485538	1751641	2733897	1418235	20330	0	0	0	0	0	0	0	0	1	1	1	0	1	0	0	0	130	0	64846	0	3790	0	64141	64144	17247	293	1928	1928	NORM	PA_E	9	0
20131129-160932	15533	951137	4485538	1751641	2733897	1418235	20330	0	0	0	0	0	0	0	0	1	1	1	0	1	0	0	0	130	0	65034	0	2762	0	64507	64505	17246	179	1164	1164	NORM	PA_E	9	0
20131129-160936	15533	951137	4485538	1751641	2733897	1418235	20330	0	0	0	0	0	0	0	0	1	1	1	0	1	0	0	0	130	0	64682	0	4690	0	63113	63123	17252	369	2453	2453	NORM	PA_E	9	0
20131129-160939	15533	951137	4485538	1751641	2733897	1418235	20330	0	0	0	0	0	0	0	0	1	1	1	0	1	0	0	0	130	0	63463	0	11372	0	62004	61946	17253	636	4053	4053	NORM	PA_E	9	0
20131129-160943	15533	951137	4485538	1751641	2733897	1418235	20330	0	0	0	0	0	0	0	0	1	1	1	0	1	0	0	0	130	0	63450	0	11886	0	61137	61186	17256	534	3528	3501	NORM	PA_E	9	0
20131129-160947	15533	951137	4485538	1751641	2733897	1418235	20330	0	0	0	0	0	0	0	1	1	1	1	0	1	0	0	0	130	0	63627	0	10472	0	61462	61471	17255	347	2275	2275	NORM	PA_E	9	0
20131129-160951	15533	951137	4485540	1751644	2733896	1418235	20330	0	0	0	0	0	0	0	1	1	1	1	0	1	0	0	0	130	0	63193	0	12850	0	60824	60831	17249	228	1484	1484	NORM	PA_E	9	0
20131129-160954	15533	951137	4485540	1751644	2733896	1418235	20330	0	0	0	0	0	0	0	1	1	1	1	0	1	0	0	0	130	0	63521	0	11051	6360	64800	65500	17241	24	159	159	NORM	PA_E	9	0
20131129-160958	15533	951137	4485540	1751644	2733896	1418235	20330	0	0	0	0	0	0	0	1	1	1	1	0	1	1	0	0	130	0	64716	0	4497	4497	0	0	17238	27	195	195	NORM	PA_E	9	0
20131129-161002	15533	951137	4485540	1751644	2733896	1418235	20330	0	0	0	0	0	0	0	1	1	1	1	1	1	1	0	0	129	0	63931	0	8866	8866	0	0	17240	27	195	195	NORM	CH_I	10	0
20131129-161005	15533	951137	4485540	1751644	2733896	1418235	20330	0	0	0	0	0	0	0	1	1	1	1	1	1	1	0	0	128	0	63931	0	8866	8866	0	0	17241	27	195	195	NORM	CH_E	10	0
20131129-161009	15533	951137	4485540	1751644	2733896	1418235	20330	0	0	0	0	0	0	0	1	1	1	1	1	1	1	0	0	128	0	63943	0	8866	8802	0	0	17235	21	159	159	NORM	CH_E	10	0
20131129-161013	15533	951137	4485540	1751644	2733896	1418235	20330	0	0	0	0	0	0	0	1	1	1	1	1	1	0	0	0	128	0	63943	0	8866	8866	0	0	17237	20	151	151	NORM	CH_E	10	0
20131129-161016	15533	951137	4485540	1751644	2733896	1418235	20330	0	0	0	0	0	0	0	1	1	1	1	1	1	0	0	0	127	0	63966	0	8866	8866	0	0	17237	20	151	151	NORM	CH_E	10	0
20131129-161020	15533	951137	4485540	1751644	2733896	1418235	20330	0	0	0	0	0	0	0	1	1	1	1	1	1	0	0	0	127	0	63966	0	8866	8866	0	0	17235	24	177	177	NORM	CH_E	10	0
20131129-161024	15533	951137	4485540	1751644	2733896	1418235	20330	0	0	0	0	0	0	0	1	1	1	1	0	1	0	0	0	127	0	2503	11964	0	0	5245	5237	17231	228	1679	1679	NORM	PA_I	10	0
20131129-161027	15533	951137	4485540	1751644	2733896	1418235	20330	0	0	0	0	0	0	0	1	1	1	1	0	1	0	0	0	127	0	3435	16232	0	0	6935	6940	17216	783	5377	5377	NORM	PA_E	10	0
20131129-161031	15533	951137	4485540	1751644	2733896	1418235	20330	0	0	0	0	0	0	0	1	1	1	1	0	1	0	0	0	127	0	2874	16426	0	0	5540	5525	17210	1110	7341	7341	NORM	PA_E	10	0
20131129-161035	15533	951137	4485540	1751644	2733896	1418235	20330	0	0	0	0	0	0	0	0	1	1	1	0	1	0	0	0	127	0	2142	16433	0	0	4242	4230	17206	1060	7057	7057	NORM	PA_E	10	0
20131129-161039	15533	951137	4485540	1751644	2733896	1418235	20330	0	0	0	0	0	0	0	0	1	1	1	0	1	0	0	0	127	0	1808	16424	0	0	3573	3577	17206	1045	6915	6915	NORM	PA_E	10	0
20131129-161042	15533	951137	4485540	1751644	2733896	1418236	20330	0	0	0	0	0	0	0	0	1	1	1	0	1	0	0	0	127	0	1608	16396	0	0	3202	3212	17201	1039	6870	6870	NORM	PA_E	10	0
20131129-161046	15533	951137	4485540	1751644	2733896	1418236	20330	0	0	0	0	0	0	0	0	1	1	1	0	1	0	0	0	127	0	1474	16389	0	0	2944	2936	17210	1036	6879	6879	NORM	PA_E	10	0
20131129-161050	15533	951137	4485551	1751645	2733906	1418236	20330	0	0	0	0	0	0	0	0	1	1	1	0	1	0	0	0	127	0	1377	16357	0	0	2751	2737	17209	1033	6861	6861	NORM	PA_E	10	0
20131129-161053	15533	951137	4485551	1751645	2733906	1418236	20330	0	0	0	0	0	0	0	0	1	1	1	0	1	0	0	0	127	0	1296	16345	0	0	2586	2592	17210	1032	6826	6826	NORM	PA_E	10	0
20131129-161057	15533	951137	4485551	1751645	2733906	1418236	20330	0	0	0	0	0	0	0	0	1	1	1	0	1	0	0	0	127	0	548	2619	0	0	410	186	17223	411	1653	1653	NORM	PA_E	10	0
20131129-161101	15533	951137	4485551	1751645	2733906	1418236	20330	0	0	0	0	0	0	0	0	1	1	1	0	1	0	0	0	127	0	0	0	0	0	0	0	17231	24	168	168	NORM	PA_E	10	0
20131129-161105	15533	951137	4485551	1751645	2733906	1418236	20330	0	0	0	0	0	0	0	0	1	1	1	0	1	0	0	0	127	0	0	0	0	0	0	0	17238	21	159	159	NORM	PA_E	10	0
20131129-161108	15533	951137	4485551	1751645	2733906	1418236	20330	0	0	0	0	0	0	0	0	1	1	1	0	1	0	0	0	127	0	0	0	0	0	0	0	17231	21	159	159	NORM	PA_E	10	0
20131129-161112	15533	951137	4485551	1751645	2733906	1418236	20330	0	0	0	0	0	0	0	0	1	1	1	0	1	0	0	0	127	0	0	0	0	0	0	0	17234	21	159	159	NORM	PA_E	10	0
20131129-161116	15533	951137	4485551	1751645	2733906	1418236	20330	0	0	0	0	0	0	0	0	1	1	1	0	1	0	0	0	127	0	0	0	0	0	0	0	17238	21	159	159	NORM	PA_E	10	0
20131129-161121	15533	951137	4485551	1751645	2733906	1418236	20330	0	0	0	0	0	0	0	0	1	1	1	0	1	0	0	0	127	0	0	0	0	0	0	0	17231	21	159	159	NORM	PA_E	10	0
20131129-161125	15533	951137	4485551	1751645	2733906	1418236	20330	0	0	0	0	0	0	0	0	1	1	1	0	1	0	0	0	127	0	0	0	0	0	0	0	17237	27	195	195	NORM	PA_E	10	0
20131129-161129	15533	951137	4485551	1751645	2733906	1418237	20330	0	0	0	0	0	0	0	0	1	1	1	0	1	0	0	0	127	0	0	0	0	0	0	0	17236	27	195	195	NORM	PA_E	10	0
20131129-161133	15533	951137	4485551	1751645	2733906	1418237	20330	0	0	0	0	0	0	0	0	1	1	1	0	1	0	0	0	127	0	0	0	0	0	0	0	17237	34	231	231	NORM	PA_E	10	0
20131129-161136	15533	951137	4485551	1751645	2733906	1418237	20330	0	0	0	0	0	0	0	0	1	1	1	0	1	0	0	0	127	0	0	0	0	0	0	0	17235	35	239	239	NORM	PA_E	10	0
20131129-161140	15533	951137	4485551	1751645	2733906	1418237	20330	0	0	0	0	0	0	0	0	1	1	1	0	1	0	0	0	127	0	0	0	0	0	0	0	17230	35	231	231	NORM	PA_E	10	0
20131129-161144	15533	951137	4485551	1751645	2733906	1418237	20330	0	0	0	0	0	0	0	0	1	1	1	0	1	0	0	0	127	0	908	9528	0	0	1803	1815	17209	608	4070	4070	NORM	PA_E	10	0
20131129-161148	15533	951137	4485551	1751645	2733906	1418237	20330	0	0	0	0	0	0	0	0	1	1	1	0	1	0	0	0	127	0	1019	11130	0	0	2022	2026	17207	711	4710	4710	NORM	PA_E	10	0
20131129-161151	15533	951137	4485558	1751645	2733913	1418237	20330	0	0	0	0	0	0	0	0	1	1	1	0	1	0	0	0	127	0	966	11154	0	0	1915	1924	17207	712	4710	4710	NORM	PA_E	10	0
20131129-161155	15533	951137	4485558	1751645	2733913	1418237	20330	0	0	0	0	0	0	0	0	1	1	1	0	1	0	0	0	127	0	830	10141	0	0	919	872	17228	534	3413	3413	NORM	PA_E	10	0
20131129-161159	15533	951137	4485558	1751645	2733913	1418237	20330	0	0	0	0	0	0	0	0	1	1	1	0	1	0	0	0	127	0	0	0	0	0	65522	65533	17227	72	328	328	NORM	PA_E	10	0
20131129-161202	15533	951137	4485558	1751645	2733913	1418237	20330	0	0	0	0	0	0	0	0	1	1	1	0	1	0	0	0	127	0	64655	0	4947	0	63737	63744	17249	469	3101	3101	NORM	PA_E	10	0
20131129-161206	15533	951137	4485558	1751645	2733913	1418237	20330	0	0	0	0	0	0	0	0	1	1	1	0	1	0	0	0	127	0	0	0	0	0	0	0	17228	35	231	231	NORM	PA_E	10	0
20131129-161210	15533	951137	4485558	1751645	2733913	1418237	20330	0	0	0	0	0	0	0	0	1	1	1	0	1	0	0	0	127	0	0	0	0	0	0	0	17232	27	186	186	NORM	PA_E	10	0
20131129-161214	15533	951137	4485558	1751645	2733913	1418237	20330	0	0	0	0	0	0	0	0	1	1	1	0	1	0	0	0	127	0	0	0	0	0	0	0	17237	26	186	186	NORM	PA_E	10	0
20131129-161217	15533	951137	4485558	1751645	2733913	1418237	20330	0	0	0	0	0	0	0	0	1	1	1	0	1	0	0	0	127	0	0	0	0	0	0	0	17228	33	222	222	NORM	PA_E	10	0
20131129-161221	15533	951137	4485558	1751645	2733913	1418238	20330	0	0	0	0	0	0	0	0	1	1	1	0	1	0	0	0	127	0	0	0	0	0	0	0	17228	33	222	222	NORM	PA_E	10	0
20131129-161225	15533	951137	4485558	1751645	2733913	1418238	20330	0	0	0	0	0	0	0	0	1	1	1	0	1	0	0	0	127	0	0	0	0	0	0	0	17227	37	257	257	NORM	PA_E	10	0
20131129-161228	15533	951137	4485558	1751645	2733913	1418238	20330	0	0	0	0	0	0	0	0	1	1	1	0	1	0	0	0	127	0	0	0	0	0	0	0	17226	37	257	257	NORM	PA_E	10	0
20131129-161232	15533	951137	4485558	1751645	2733913	1418238	20330	0	0	0	0	0	0	0	0	1	1	1	0	1	0	0	0	127	0	0	0	0	0	0	0	17222	38	266	266	NORM	PA_E	10	0
20131129-161236	15533	951137	4485558	1751645	2733913	1418238	20330	0	0	0	0	0	0	0	0	1	1	1	0	1	0	0	0	127	0	65159	0	2248	0	64710	64716	17235	175	1235	1235	NORM	PA_E	10	0
20131129-161240	15533	951137	4485558	1751645	2733913	1418238	20330	0	0	0	0	0	0	0	0	1	1	1	0	1	0	0	0	127	0	64907	0	3533	0	64239	64256	17243	299	1973	1964	NORM	PA_E	10	0
20131129-161243	15533	951137	4485558	1751645	2733913	1418238	20330	0	0	0	0	0	0	0	0	1	1	1	0	1	0	0	0	127	0	64539	0	5589	0	63696	63628	17239	427	2826	2826	NORM	PA_E	10	0
20131129-161247	15533	951137	4485558	1751645	2733913	1418238	20330	0	0	0	0	0	0	0	0	1	1	1	0	1	0	0	0	127	0	64310	0	6874	0	63060	63060	17235	496	3279	3279	NORM	PA_E	10	0
20131129-161251	15533	951137	4485561	1751648	2733913	1418238	20330	0	0	0	0	0	0	0	0	1	1	1	0	1	0	0	0	127	0	64448	0	6103	0	63333	63343	17239	391	2568	2559	NORM	PA_E	10	0
20131129-161255	15533	951137	4485561	1751648	2733913	1418238	20330	0	0	0	0	0	0	0	0	1	1	1	0	1	0	0	0	127	0	64459	0	6039	0	63885	63877	17231	305	1910	1910	NORM	PA_E	10	0
20131129-161258	15533	951137	4485561	1751648	2733913	1418238	20330	0	0	0	0	0	0	0	0	1	1	1	0	1	0	0	0	127	0	65044	0	2762	0	64527	64529	17221	120	791	791	NORM	PA_E	10	0
20131129-161302	15533	951137	4485561	1751648	2733913	1418238	20330	0	0	0	0	0	0	0	0	1	1	1	0	1	0	0	0	127	0	64425	0	6232	0	63279	63285	17225	273	1804	1786	NORM	PA_E	10	0
20131129-161306	15533	951137	4485561	1751648	2733913	1418238	20330	0	0	0	0	0	0	0	1	1	1	1	0	1	0	0	0	127	0	64012	0	8545	0	62041	62047	17234	338	2168	2168	NORM	PA_E	10	0
20131129-161310	15533	951137	4485561	1751648	2733913	1418238	20330	0	0	0	0	0	0	0	1	1	1	1	0	1	0	0	0	127	0	62716	0	15805	0	59834	59837	17227	319	2079	1982	NORM	PA_E	10	0
20131129-161313	15533	951137	4485561	1751648	2733913	1418238	20330	0	0	0	0	0	0	0	1	1	1	1	0	1	0	0	0	127	0	63290	0	12593	7131	64624	64655	17216	20	133	133	NORM	PA_E	10	0
20131129-161317	15533	951137	4485561	1751648	2733913	1418238	20330	0	0	0	0	0	0	0	1	1	1	1	1	1	1	0	0	126	0	64986	0	2762	2762	0	0	17218	27	195	195	NORM	CH_I	11	0
20131129-161321	15533	951137	4485561	1751648	2733913	1418238	20330	0	0	0	0	0	0	0	1	1	1	1	1	1	1	0	0	126	0	63944	0	8930	8930	0	0	17212	28	195	195	NORM	CH_E	11	0
20131129-161324	15533	951137	4485561	1751648	2733913	1418238	20330	0	0	0	0	0	0	0	1	1	1	1	1	1	1	0	0	126	0	63932	0	9059	9059	0	0	17219	29	204	204	NORM	CH_E	11	0
20131129-161328	15533	951137	4485561	1751648	2733913	1418238	20330	0	0	0	0	0	0	0	1	1	1	1	1	1	1	0	0	126	0	63944	0	8995	9059	0	0	17210	30	213	213	NORM	CH_E	11	0
20131129-161332	15533	951137	4485561	1751648	2733913	1418238	20330	0	0	0	0	0	0	0	1	1	1	1	1	1	0	0	0	126	0	63944	0	8995	8995	0	0	17209	28	204	204	NORM	CH_E	11	0
20131129-161335	15533	951137	4485561	1751648	2733913	1418238	20330	0	0	0	0	0	0	0	1	1	1	1	1	1	0	0	0	126	0	63944	0	8995	8995	0	0	17215	28	204	204	NORM	CH_E	11	0
20131129-161339	15533	951137	4485561	1751648	2733913	1418238	20330	0	0	0	0	0	0	0	1	1	1	1	1	1	0	0	0	126	0	63944	0	8995	8995	126	0	17206	36	257	284	NORM	CH_E	11	0
20131129-161343	15533	951137	4485561	1751648	2733913	1418238	20330	0	0	0	0	0	0	0	1	1	1	1	0	1	0	0	0	125	0	1843	8779	0	0	3906	3766	17197	168	1137	1137	NORM	PA_I	11	0
20131129-161347	15533	951137	4485561	1751648	2733913	1418238	20330	0	0	0	0	0	0	0	1	1	1	1	0	1	0	0	0	125	0	3023	14965	0	0	6435	6394	17179	580	3955	4230	NORM	PA_E	11	0
20131129-161350	15533	951137	4485561	1751652	2733913	1418238	20330	0	0	0	0	0	0	0	1	1	1	1	0	1	0	0	0	125	0	3118	16472	0	0	6133	6151	17147	1132	7563	7563	NORM	PA_E	11	0
20131129-161354	15533	951137	4485562	1751652	2733910	1418238	20330	0	0	0	0	0	0	0	0	1	1	1	0	1	0	0	0	125	0	2262	16394	0	0	4522	4471	17155	1080	7190	7190	NORM	PA_E	11	0
20131129-161358	15533	951137	4485562	1751652	2733910	1418239	20330	0	0	0	0	0	0	0	0	1	1	1	0	1	0	0	0	125	0	1878	16434	0	0	3716	3708	17170	1055	7012	7012	NORM	PA_E	11	0
20131129-161401	15533	951137	4485562	1751652	2733910	1418239	20330	0	0	0	0	0	0	0	0	1	1	1	0	1	0	0	0	125	0	1652	16361	0	0	3306	3268	17173	1048	6950	6941	NORM	PA_E	11	0
20131129-161405	15533	951137	4485562	1751652	2733910	1418239	20330	0	0	0	0	0	0	0	0	1	1	1	0	1	0	0	0	125	0	1515	16383	0	0	3023	2999	17177	1043	6897	6897	NORM	PA_E	11	0
20131129-161409	15533	951137	4485562	1751652	2733910	1418239	20330	0	0	0	0	0	0	0	0	1	1	1	0	1	0	0	0	125	0	1398	16360	0	0	2788	2785	17174	1041	6897	6897	NORM	PA_E	11	0
20131129-161412	15533	951137	4485562	1751652	2733910	1418239	20330	0	0	0	0	0	0	0	0	1	1	1	0	1	0	0	0	125	0	1318	16377	0	0	2620	2615	17177	1032	6861	6861	NORM	PA_E	11	0
20131129-161416	15533	951137	4485562	1751652	2733910	1418239	20330	0	0	0	0	0	0	0	0	1	1	1	0	1	0	0	0	125	0	1243	16386	0	0	2483	2481	17161	1034	6897	6879	NORM	PA_E	11	0
20131129-161420	15533	951137	4485562	1751652	2733910	1418239	20330	0	0	0	0	0	0	0	0	1	1	1	0	1	0	0	0	125	0	1180	16384	0	0	2357	2357	17168	1030	6852	6852	NORM	PA_E	11	0
20131129-161423	15533	951137	4485562	1751652	2733910	1418239	20330	0	0	0	0	0	0	0	0	1	1	1	0	1	0	0	0	125	0	2	46	0	0	6	0	17213	107	408	328	NORM	PA_E	11	0
20131129-161427	15533	951137	4485562	1751652	2733910	1418239	20330	0	0	0	0	0	0	0	0	1	1	1	0	1	0	0	0	125	0	0	0	0	0	0	0	17207	16	133	133	NORM	PA_E	11	0
20131129-161431	15533	951137	4485562	1751652	2733910	1418239	20330	0	0	0	0	0	0	0	0	1	1	1	0	1	0	0	0	125	0	0	0	0	0	0	0	17216	17	133	133	NORM	PA_E	11	0
20131129-161435	15533	951137	4485562	1751652	2733910	1418239	20330	0	0	0	0	0	0	0	0	1	1	1	0	1	0	0	0	125	0	0	0	0	0	0	0	17215	17	133	133	NORM	PA_E	11	0
20131129-161438	15533	951137	4485562	1751652	2733910	1418239	20330	0	0	0	0	0	0	0	0	1	1	1	0	1	0	0	0	125	0	0	0	0	0	0	0	17209	17	133	133	NORM	PA_E	11	0
20131129-161442	15533	951137	4485562	1751652	2733910	1418239	20330	0	0	0	0	0	0	0	0	1	1	1	0	1	0	0	0	125	0	0	0	0	0	0	0	17206	17	133	133	NORM	PA_E	11	0
20131129-161446	15533	951137	4485562	1751652	2733910	1418240	20330	0	0	0	0	0	0	0	0	1	1	1	0	1	0	0	0	125	0	0	0	0	0	0	0	17206	17	133	133	NORM	PA_E	11	0
20131129-161450	15533	951137	4485562	1751652	2733927	1418240	20330	0	0	0	0	0	0	0	0	1	1	1	0	1	0	0	0	125	0	0	0	0	0	0	0	17209	24	177	177	NORM	PA_E	11	0
20131129-161453	15533	951137	4485579	1751652	2733927	1418240	20330	0	0	0	0	0	0	0	0	1	1	1	0	1	0	0	0	125	0	0	0	0	0	0	0	17206	24	168	168	NORM	PA_E	11	0
20131129-161457	15533	951137	4485579	1751652	2733927	1418240	20330	0	0	0	0	0	0	0	0	1	1	1	0	1	0	0	0	125	0	511	7000	0	0	1018	1033	17188	433	2933	2933	NORM	PA_E	11	0
20131129-161501	15533	951137	4485579	1751652	2733927	1418240	20330	0	0	0	0	0	0	0	0	1	1	1	0	1	0	0	0	125	0	608	8365	0	0	1210	1220	17177	529	3510	3510	NORM	PA_E	11	0
20131129-161504	15533	951137	4485579	1751652	2733927	1418240	20330	0	0	0	0	0	0	0	0	1	1	1	0	1	0	0	0	125	0	606	8389	0	0	1202	1224	17174	531	3510	3510	NORM	PA_E	11	0
20131129-161508	15533	951137	4485579	1751652	2733927	1418240	20330	0	0	0	0	0	0	0	0	1	1	1	0	1	0	0	0	125	0	603	8387	0	0	1205	1213	17170	531	3510	3510	NORM	PA_E	11	0
20131129-161512	15533	951137	4485579	1751652	2733927	1418240	20330	0	0	0	0	0	0	0	0	1	1	1	0	1	0	0	0	125	0	600	8441	0	0	1197	1203	17173	532	3519	3519	NORM	PA_E	11	0
20131129-161516	15533	951137	4485579	1751652	2733927	1418240	20330	0	0	0	0	0	0	0	0	1	1	1	0	1	0	0	0	125	0	0	0	0	0	0	0	17198	30	195	195	NORM	PA_E	11	0
20131129-161519	15533	951137	4485579	1751652	2733927	1418240	20330	0	0	0	0	0	0	0	0	1	1	1	0	1	0	0	0	125	0	0	0	0	0	0	0	17198	30	213	213	NORM	PA_E	11	0
20131129-161523	15533	951137	4485579	1751652	2733927	1418240	20330	0	0	0	0	0	0	0	0	1	1	1	0	1	0	0	0	125	0	547	7259	0	0	1101	1174	17177	422	3048	3048	NORM	PA_E	11	0
20131129-161527	15533	951137	4485579	1751652	2733927	1418241	20330	0	0	0	0	0	0	0	0	1	1	1	0	1	0	0	0	125	0	727	9743	0	0	1453	1456	17176	621	4115	4115	NORM	PA_E	11	0
20131129-161530	15533	951137	4485579	1751652	2733927	1418241	20330	0	0	0	0	0	0	0	0	1	1	1	0	1	0	0	0	125	0	614	8315	0	0	1223	1226	17176	538	3564	3564	NORM	PA_E	11	0
20131129-161534	15533	951137	4485579	1751652	2733927	1418241	20330	0	0	0	0	0	0	0	0	1	1	1	0	1	0	0	0	125	0	444	6020	0	0	881	880	17185	399	2630	2630	NORM	PA_E	11	0
20131129-161538	15533	951137	4485579	1751652	2733927	1418241	20330	0	0	0	0	0	0	0	0	1	1	1	0	1	0	0	0	125	0	371	4991	0	0	745	742	17182	336	2230	2230	NORM	PA_E	11	0
20131129-161541	15533	951137	4485579	1751652	2733927	1418241	20330	0	0	0	0	0	0	0	0	1	1	1	0	1	0	0	0	125	0	332	4415	0	0	663	659	17186	303	2008	2008	NORM	PA_E	11	0
20131129-161545	15533	951137	4485579	1751652	2733927	1418241	20330	0	0	0	0	0	0	0	0	1	1	1	0	1	0	0	0	125	0	334	4414	0	0	672	670	17188	302	2008	2008	NORM	PA_E	11	0
20131129-161549	15533	951137	4485579	1751652	2733927	1418241	20330	0	0	0	0	0	0	0	0	1	1	1	0	1	0	0	0	125	0	338	4423	0	0	674	673	17185	307	2053	2053	NORM	PA_E	11	0
20131129-161553	15533	951137	4485588	1751652	2733936	1418241	20330	0	0	0	0	0	0	0	0	1	1	1	0	1	0	0	0	125	0	542	7018	0	0	1082	1078	17173	459	3057	3057	NORM	PA_E	11	0
20131129-161556	15533	951137	4485588	1751652	2733936	1418241	20330	0	0	0	0	0	0	0	0	1	1	1	0	1	0	0	0	125	0	539	7040	0	0	1081	1076	17176	457	3039	3039	NORM	PA_E	11	0
20131129-161600	15533	951137	4485588	1751652	2733936	1418241	20330	0	0	0	0	0	0	0	0	1	1	1	0	1	0	0	0	125	0	906	12036	0	0	1807	1808	17153	764	5092	5092	NORM	PA_E	11	0
20131129-161604	15533	951137	4485588	1751652	2733936	1418241	20330	0	0	0	0	0	0	0	0	1	1	1	0	1	0	0	0	125	0	881	12003	0	0	1762	1757	17162	766	5092	5092	NORM	PA_E	11	0
20131129-161607	15533	951137	4485588	1751652	2733936	1418242	20330	0	0	0	0	0	0	0	0	1	1	1	0	1	0	0	0	125	0	751	9627	0	0	1361	1356	17167	648	4230	4230	NORM	PA_E	11	0
20131129-161611	15533	951137	4485588	1751652	2733936	1418242	20330	0	0	0	0	0	0	0	0	1	1	1	0	1	0	0	0	125	0	448	6448	0	0	893	902	17167	417	2755	2755	NORM	PA_E	11	0
20131129-161615	15533	951137	4485588	1751652	2733936	1418242	20330	0	0	0	0	0	0	0	0	1	1	1	0	1	0	0	0	125	0	290	4172	0	0	582	586	17177	300	1910	1910	NORM	PA_E	11	0
20131129-161619	15533	951137	4485588	1751652	2733936	1418242	20330	0	0	0	0	0	0	0	0	1	1	1	0	1	0	0	0	125	0	359	5089	0	0	714	721	17161	333	2213	2213	NORM	PA_E	11	0
20131129-161622	15533	951137	4485588	1751652	2733936	1418242	20330	0	0	0	0	0	0	0	0	1	1	1	0	1	0	0	0	125	0	1	20	0	0	13	7	17186	42	275	275	NORM	PA_E	11	0
20131129-161626	15533	951137	4485588	1751652	2733936	1418242	20330	0	0	0	0	0	0	0	0	1	1	1	0	1	0	0	0	125	0	65526	0	64	0	64311	64383	17207	300	1866	1866	NORM	PA_E	11	0
20131129-161630	15533	951137	4485588	1751652	2733936	1418242	20330	0	0	0	0	0	0	0	0	1	1	1	0	1	0	0	0	125	0	65254	0	1028	0	65533	65535	17185	192	888	622	NORM	PA_E	11	0
20131129-161633	15533	951137	4485588	1751652	2733936	1418242	20330	0	0	0	0	0	0	0	0	1	1	1	0	1	0	0	0	125	0	823	9899	0	0	1780	1724	17163	504	3581	3581	NORM	PA_E	11	0
20131129-161637	15533	951137	4485588	1751652	2733936	1418242	20330	0	0	0	0	0	0	0	0	1	1	1	0	1	0	0	0	125	0	1034	12841	0	0	2063	2065	17162	796	5359	5359	NORM	PA_E	11	0
20131129-161641	15533	951137	4485588	1751652	2733936	1418242	20330	0	0	0	0	0	0	0	0	1	1	1	0	1	0	0	0	125	0	1000	12876	0	0	1987	1898	17149	777	5261	5261	NORM	PA_E	11	0
20131129-161645	15533	951137	4485588	1751652	2733936	1418242	20330	0	0	0	0	0	0	0	0	1	1	1	0	1	0	0	0	125	0	599	7838	0	0	1191	1202	17164	506	3333	3306	NORM	PA_E	11	0
20131129-161648	15533	951137	4485588	1751652	2733936	1418242	20330	0	0	0	0	0	0	0	0	1	1	1	0	1	0	0	0	125	0	592	7823	0	0	1276	1288	17158	505	3341	3341	NORM	PA_E	11	0
20131129-161652	15533	951137	4485600	1751652	2733948	1418243	20330	0	0	0	0	0	0	0	0	1	1	1	0	1	0	0	0	125	0	0	3	0	0	0	4	17188	43	231	231	NORM	PA_E	11	0
20131129-161656	15533	951137	4485600	1751652	2733948	1418243	20330	0	0	0	0	0	0	0	0	1	1	1	0	1	0	0	0	125	0	0	0	0	0	0	0	17197	30	204	204	NORM	PA_E	11	0
20131129-161659	15533	951137	4485600	1751652	2733948	1418243	20330	0	0	0	0	0	0	0	0	1	1	1	0	1	0	0	0	125	0	0	0	0	0	0	0	17188	23	168	168	NORM	PA_E	11	0
20131129-161703	15533	951137	4485600	1751652	2733948	1418243	20330	0	0	0	0	0	0	0	0	1	1	1	0	1	0	0	0	125	0	0	0	0	0	0	0	17191	24	159	177	NORM	PA_E	11	0
20131129-161707	15533	951137	4485600	1751652	2733948	1418243	20330	0	0	0	0	0	0	0	0	1	1	1	0	1	0	0	0	125	0	0	0	0	0	2	4	17186	49	302	302	NORM	PA_E	11	0
20131129-161711	15533	951137	4485600	1751652	2733948	1418243	20330	0	0	0	0	0	0	0	0	1	1	1	0	1	0	0	0	125	0	196	2267	0	0	394	394	17182	168	1119	1119	NORM	PA_E	11	0
20131129-161714	15533	951137	4485600	1751652	2733948	1418243	20330	0	0	0	0	0	0	0	0	1	1	1	0	1	0	0	0	125	0	250	2834	0	0	497	416	17177	195	1262	1262	NORM	PA_E	11	0
20131129-161718	15533	951137	4485600	1751652	2733948	1418243	20330	0	0	0	0	0	0	0	0	1	1	1	0	1	0	0	0	125	0	8	66	0	0	13	14	17183	46	293	284	NORM	PA_E	11	0
20131129-161722	15533	951137	4485600	1751652	2733948	1418243	20330	0	0	0	0	0	0	0	0	1	1	1	0	1	0	0	0	125	0	1	13	0	0	2	0	17192	33	239	239	NORM	PA_E	11	0
20131129-161725	15533	951137	4485600	1751652	2733948	1418243	20330	0	0	0	0	0	0	0	0	1	1	1	0	1	0	0	0	125	0	64893	0	3662	0	64222	64219	17203	288	1928	1928	NORM	PA_E	11	0
20131129-161729	15533	951137	4485600	1751652	2733948	1418243	20330	0	0	0	0	0	0	0	0	1	1	1	0	1	0	0	0	125	0	64283	0	7838	0	62429	62432	17218	592	3981	3981	NORM	PA_E	11	0
20131129-161733	15533	951137	4485600	1751652	2733948	1418243	20330	0	0	0	0	0	0	0	0	1	1	1	0	1	0	0	0	125	0	63548	0	11243	0	61281	61286	17215	705	4684	4684	NORM	PA_E	11	0
20131129-161737	15533	951137	4485600	1751652	2733948	1418243	20330	0	0	0	0	0	0	0	0	1	1	1	0	1	0	0	0	125	0	63537	0	11372	0	61519	61516	17204	513	3261	3261	NORM	PA_E	11	0
20131129-161740	15533	951137	4485600	1751652	2733948	1418243	20330	0	0	0	0	0	0	0	1	1	1	1	0	1	0	0	0	125	0	63684	0	10472	0	61813	61813	17204	320	2079	2079	NORM	PA_E	11	0
20131129-161744	15533	951137	4485600	1751652	2733948	1418243	20330	0	0	0	0	0	0	0	1	1	1	1	0	1	0	0	0	125	0	63695	0	10472	0	60635	60636	17192	218	1448	1448	NORM	PA_E	11	0
20131129-161748	15533	951137	4485600	1751652	2733948	1418243	20330	0	0	0	0	0	0	0	1	1	1	1	0	1	0	0	0	125	0	62655	0	13685	11051	65116	65525	17179	18	133	151	NORM	PA_E	11	0
20131129-161751	15533	951137	4485601	1751657	2733944	1418244	20330	0	0	0	0	0	0	0	1	1	1	1	1	1	1	0	0	125	0	63977	0	8930	8930	0	0	17182	3	115	115	NORM	CH_I	12	0
20131129-161755	15533	951137	4485601	1751657	2733944	1418244	20330	0	0	0	0	0	0	0	1	1	1	1	1	1	1	0	0	125	0	63910	0	9252	9252	0	0	17191	3	106	106	NORM	CH_E	12	0
20131129-161759	15533	951137	4485601	1751657	2733944	1418244	20330	0	0	0	0	0	0	0	1	1	1	1	1	1	1	0	0	124	0	63922	0	9252	9252	0	0	17180	3	106	106	NORM	CH_E	12	0
20131129-161803	15533	951137	4485601	1751657	2733944	1418244	20330	0	0	0	0	0	0	0	1	1	1	1	1	1	1	0	0	124	0	63911	0	9316	9252	0	0	17188	0	115	115	NORM	CH_E	12	0
20131129-161806	15533	951137	4485601	1751657	2733944	1418244	20330	0	0	0	0	0	0	0	1	1	1	1	1	1	1	0	0	124	0	63922	0	9252	9252	0	0	17180	2	106	106	NORM	CH_E	12	0
20131129-161810	15533	951137	4485601	1751657	2733944	1418244	20330	0	0	0	0	0	0	0	1	1	1	1	1	1	1	0	0	124	0	63933	0	9187	9187	0	0	17189	9	124	124	NORM	CH_E	12	0
20131129-161814	15533	951137	4485601	1751657	2733944	1418244	20330	0	0	0	0	0	0	0	1	1	1	1	1	1	1	0	0	124	0	63933	0	9123	9123	0	0	17182	15	142	142	NORM	CH_E	12	0
20131129-161817	15533	951137	4485601	1751657	2733944	1418244	20330	0	0	0	0	0	0	0	1	1	1	1	1	1	1	0	0	124	0	63945	0	9123	9123	0	0	17180	17	133	133	NORM	CH_E	12	0
20131129-161821	15533	951137	4485601	1751657	2733944	1418244	20330	0	0	0	0	0	0	0	1	1	1	1	1	1	1	0	0	124	0	63955	0	9059	9123	0	0	17160	17	142	142	NORM	CH_E	12	0
20131129-161825	15533	951137	4485601	1751657	2733944	1418244	20330	0	0	0	0	0	0	0	1	1	1	1	1	1	1	0	0	124	0	63955	0	9059	9059	0	0	17167	24	177	177	NORM	CH_E	12	0
20131129-161830	15533	951137	4485601	1751657	2733944	1418244	20330	0	0	0	0	0	0	0	1	1	1	1	1	1	1	0	0	124	0	63955	0	8995	8995	0	0	17171	24	168	168	NORM	CH_E	12	0
20131129-161834	15533	951137	4485601	1751657	2733944	1418244	20330	0	0	0	0	0	0	0	1	1	1	1	1	1	1	0	0	124	0	63978	0	8930	8995	0	0	17170	15	133	133	NORM	CH_E	12	0
20131129-161838	15533	951137	4485601	1751657	2733944	1418244	20330	0	0	0	0	0	0	0	1	1	1	1	1	1	1	0	0	124	0	63978	0	8930	8930	0	0	17177	16	133	133	NORM	CH_E	12	0
20131129-161841	15533	951137	4485601	1751657	2733944	1418244	20330	0	0	0	0	0	0	0	1	1	1	1	1	1	1	0	0	124	0	63978	0	8930	8930	0	0	17165	16	133	133	NORM	CH_E	12	0
20131129-161845	15533	951137	4485601	1751657	2733944	1418244	20330	0	0	0	0	0	0	0	1	1	1	1	1	1	1	0	0	124	0	63967	0	8995	8995	0	0	17164	15	133	133	NORM	CH_E	12	0
20131129-161849	15533	951137	4485601	1751657	2733944	1418244	20330	0	0	0	0	0	0	0	1	1	1	1	1	1	0	0	0	124	0	63955	0	9059	9059	0	0	17160	15	133	133	NORM	CH_E	12	0
20131129-161853	15533	951137	4485602	1751657	2733945	1418244	20330	0	0	0	0	0	0	0	1	1	1	1	1	1	0	0	0	124	0	63933	0	9187	9059	0	0	17168	15	133	133	NORM	CH_E	12	0
20131129-161856	15533	951137	4485602	1751657	2733945	1418244	20330	0	0	0	0	0	0	0	1	1	1	1	1	1	0	0	0	124	0	63955	0	9059	9059	0	1	17165	24	195	195	NORM	CH_E	12	0
20131129-161900	15533	951137	4485602	1751657	2733945	1418244	20330	0	0	0	0	0	0	0	1	1	1	1	0	1	0	0	0	124	0	1992	9642	0	0	3981	3990	17158	164	1119	1119	NORM	PA_I	12	0
20131129-161904	15533	951137	4485602	1751657	2733945	1418244	20330	0	0	0	0	0	0	0	1	1	1	1	0	1	0	0	0	124	0	2645	13177	0	0	5453	5548	17140	473	3199	3395	NORM	PA_E	12	0
20131129-161907	15533	951137	4485602	1751657	2733945	1418244	20330	0	0	0	0	0	0	0	1	1	1	1	0	1	0	0	0	124	0	3343	16179	0	0	6754	6735	17103	1110	7412	7412	NORM	PA_E	12	0
20131129-161911	15533	951137	4485602	1751657	2733945	1418244	20330	0	0	0	0	0	0	0	1	1	1	1	0	1	0	0	0	124	0	2433	16409	0	0	4845	4747	17106	1088	7172	7172	NORM	PA_E	12	0
20131129-161915	15533	951137	4485602	1751657	2733945	1418244	20330	0	0	0	0	0	0	0	0	1	1	1	0	1	0	0	0	124	0	1998	16394	0	0	3977	3980	17107	1055	6977	6977	NORM	PA_E	12	0
20131129-161918	15533	951137	4485602	1751657	2733945	1418244	20330	0	0	0	0	0	0	0	0	1	1	1	0	1	0	0	0	124	0	1761	16402	0	0	3520	3475	17107	1046	6915	6915	NORM	PA_E	12	0
20131129-161922	15533	951137	4485602	1751657	2733945	1418244	20330	0	0	0	0	0	0	0	0	1	1	1	0	1	0	0	0	124	0	1590	16394	0	0	3149	3162	17106	1046	6915	6915	NORM	PA_E	12	0
20131129-161926	15533	951137	4485602	1751657	2733945	1418244	20330	0	0	0	0	0	0	0	0	1	1	1	0	1	0	0	0	124	0	1472	16389	0	0	2937	2907	17111	1044	6906	6906	NORM	PA_E	12	0
20131129-161930	15533	951137	4485602	1751657	2733945	1418244	20330	0	0	0	0	0	0	0	0	1	1	1	0	1	0	0	0	124	0	1372	16369	0	0	2736	2729	17114	1042	6897	6897	NORM	PA_E	12	0
20131129-161933	15533	951137	4485602	1751657	2733945	1418244	20330	0	0	0	0	0	0	0	0	1	1	1	0	1	0	0	0	124	0	1272	10963	0	0	1374	1394	17144	708	4408	4408	NORM	PA_E	12	0
20131129-161937	15533	951137	4485602	1751657	2733945	1418244	20330	0	0	0	0	0	0	0	0	1	1	1	0	1	0	0	0	124	0	64808	0	4176	0	64057	64062	17183	381	2622	2302	NORM	PA_E	12	0
20131129-161941	15533	951137	4485602	1751657	2733945	1418244	20330	0	0	0	0	0	0	0	0	1	1	1	0	1	0	0	0	124	0	0	0	0	0	0	0	17167	17	133	133	NORM	PA_E	12	0
20131129-161945	15533	951137	4485602	1751657	2733945	1418244	20330	0	0	0	0	0	0	0	0	1	1	1	0	1	0	0	0	124	0	435	4969	0	0	872	876	17154	312	2124	2124	NORM	PA_E	12	0
20131129-161948	15533	951137	4485602	1751657	2733945	1418244	20330	0	0	0	0	0	0	0	0	1	1	1	0	1	0	0	0	124	0	484	5538	0	0	962	967	17149	361	2399	2399	NORM	PA_E	12	0
20131129-161952	15533	951137	4485617	1751657	2733960	1418244	20330	0	0	0	0	0	0	0	0	1	1	1	0	1	0	0	0	124	0	655	7513	0	0	1377	1387	17136	460	3181	3181	NORM	PA_E	12	0
20131129-161956	15533	951137	4485617	1751657	2733960	1418244	20330	0	0	0	0	0	0	0	0	1	1	1	0	1	0	0	0	124	0	694	8078	0	0	1388	1385	17146	510	3377	3377	NORM	PA_E	12	0
20131129-161959	15533	951137	4485617	1751657	2733960	1418244	20330	0	0	0	0	0	0	0	0	1	1	1	0	1	0	0	0	124	0	682	8045	0	0	1365	1362	17144	510	3368	3368	NORM	PA_E	12	0
20131129-162003	15533	951137	4485617	1751657	2733960	1418245	20330	0	0	0	0	0	0	0	0	1	1	1	0	1	0	0	0	124	0	580	6923	0	0	1162	1160	17139	442	2915	2915	NORM	PA_E	12	0
20131129-162007	15533	951137	4485617	1751657	2733960	1418245	20330	0	0	0	0	0	0	0	0	1	1	1	0	1	0	0	0	124	0	576	6909	0	0	1151	1149	17136	441	2906	2906	NORM	PA_E	12	0
20131129-162010	15533	951137	4485617	1751657	2733960	1418245	20330	0	0	0	0	0	0	0	0	1	1	1	0	1	0	0	0	124	0	499	6006	0	0	1005	999	17137	382	2515	2515	NORM	PA_E	12	0
20131129-162014	15533	951137	4485617	1751657	2733960	1418245	20330	0	0	0	0	0	0	0	0	1	1	1	0	1	0	0	0	124	0	498	6000	0	0	998	999	17134	380	2506	2506	NORM	PA_E	12	0
20131129-162018	15533	951137	4485617	1751657	2733960	1418245	20330	0	0	0	0	0	0	0	0	1	1	1	0	1	0	0	0	124	0	260	3122	0	0	516	503	17152	252	1590	1590	NORM	PA_E	12	0
20131129-162022	15533	951137	4485617	1751657	2733960	1418245	20330	0	0	0	0	0	0	0	0	1	1	1	0	1	0	0	0	124	0	0	5	0	0	0	0	17162	33	239	239	NORM	PA_E	12	0
20131129-162025	15533	951137	4485617	1751657	2733960	1418245	20330	0	0	0	0	0	0	0	0	1	1	1	0	1	0	0	0	124	0	65088	0	2634	0	64594	64595	17176	203	1386	1422	NORM	PA_E	12	0
20131129-162029	15533	951137	4485617	1751657	2733960	1418245	20330	0	0	0	0	0	0	0	0	1	1	1	0	1	0	0	0	124	0	64954	0	3341	0	64331	64329	17177	258	1750	1750	NORM	PA_E	12	0
20131129-162033	15533	951137	4485617	1751657	2733960	1418245	20330	0	0	0	0	0	0	0	0	1	1	1	0	1	0	0	0	124	0	65010	0	3019	0	64460	64447	17167	218	1430	1430	NORM	PA_E	12	0
20131129-162037	15533	951137	4485617	1751657	2733960	1418245	20330	0	0	0	0	0	0	0	0	1	1	1	0	1	0	0	0	124	0	65481	0	321	0	65415	65401	17146	5	97	97	NORM	PA_E	12	0
20131129-162040	15533	951137	4485617	1751657	2733960	1418245	20330	0	0	0	0	0	0	0	0	1	1	1	0	1	0	0	0	124	0	65425	0	642	0	64886	64034	17162	104	586	586	NORM	PA_E	12	0
20131129-162044	15533	951137	4485617	1751657	2733960	1418245	20330	0	0	0	0	0	0	0	0	1	1	1	0	1	0	0	0	124	0	65346	0	1092	0	65522	65535	17154	84	417	417	NORM	PA_E	12	0
20131129-162048	15533	951137	4485617	1751657	2733960	1418245	20330	0	0	0	0	0	0	0	0	1	1	1	0	1	0	0	0	124	0	925	7038	0	0	1848	1854	17124	444	3013	3039	NORM	PA_E	12	0
20131129-162051	15533	951137	4485623	1751658	2733965	1418245	20330	0	0	0	0	0	0	0	0	1	1	1	0	1	0	0	0	124	0	681	5350	0	0	1360	1377	17127	362	2382	2382	NORM	PA_E	12	0
20131129-162055	15533	951137	4485623	1751658	2733965	1418245	20330	0	0	0	0	0	0	0	0	1	1	1	0	1	0	0	0	124	0	588	4681	0	0	1173	1145	17141	318	2097	2097	NORM	PA_E	12	0
20131129-162059	15533	951137	4485623	1751658	2733965	1418246	20330	0	0	0	0	0	0	0	0	1	1	1	0	1	0	0	0	124	0	2	15	0	0	1	0	17149	53	346	346	NORM	PA_E	12	0
20131129-162103	15533	951137	4485623	1751658	2733965	1418246	20330	0	0	0	0	0	0	0	0	1	1	1	0	1	0	0	0	124	0	0	0	0	0	0	0	17161	14	133	133	NORM	PA_E	12	0
20131129-162106	15533	951137	4485623	1751658	2733965	1418246	20330	0	0	0	0	0	0	0	0	1	1	1	0	1	0	0	0	124	0	0	0	0	0	0	0	17153	9	124	124	NORM	PA_E	12	0
20131129-162110	15533	951137	4485623	1751658	2733965	1418246	20330	0	0	0	0	0	0	0	0	1	1	1	0	1	0	0	0	124	0	119	824	0	0	228	229	17152	69	497	497	NORM	PA_E	12	0
20131129-162114	15533	951137	4485623	1751658	2733965	1418246	20330	0	0	0	0	0	0	0	0	1	1	1	0	1	0	0	0	124	0	0	0	0	0	0	0	17154	29	213	213	NORM	PA_E	12	0
20131129-162118	15533	951137	4485623	1751658	2733965	1418246	20330	0	0	0	0	0	0	0	0	1	1	1	0	1	0	0	0	124	0	0	0	0	0	0	0	17168	0	79	88	NORM	PA_E	12	0
20131129-162121	15533	951137	4485623	1751658	2733965	1418246	20330	0	0	0	0	0	0	0	0	1	1	1	0	1	0	0	0	124	0	537	3283	0	0	1070	1069	17144	223	1546	1546	NORM	PA_E	12	0
20131129-162125	15533	951137	4485623	1751658	2733965	1418246	20330	0	0	0	0	0	0	0	0	1	1	1	0	1	0	0	0	124	0	531	3282	0	0	1066	1064	17145	245	1617	1617	NORM	PA_E	12	0
20131129-162129	15533	951137	4485623	1751658	2733965	1418246	20330	0	0	0	0	0	0	0	0	1	1	1	0	1	0	0	0	124	0	0	0	0	0	2	0	17159	35	239	239	NORM	PA_E	12	0
20131129-162132	15533	951137	4485623	1751658	2733965	1418246	20330	0	0	0	0	0	0	0	0	1	1	1	0	1	0	0	0	124	0	77	444	0	0	150	158	17160	66	444	444	NORM	PA_E	12	0
20131129-162136	15533	951137	4485623	1751658	2733965	1418246	20330	0	0	0	0	0	0	0	0	1	1	1	0	1	0	0	0	124	0	220	1218	0	0	595	649	17149	116	888	888	NORM	PA_E	12	0
20131129-162140	15533	951137	4485623	1751658	2733965	1418246	20330	0	0	0	0	0	0	0	0	1	1	1	0	1	0	0	0	124	0	324	1828	0	0	639	644	17164	153	1022	1022	NORM	PA_E	12	0
20131129-162144	15533	951137	4485623	1751658	2733965	1418246	20330	0	0	0	0	0	0	0	0	1	1	1	0	1	0	0	0	124	0	314	1811	0	0	620	622	17152	152	1013	1004	NORM	PA_E	12	0
20131129-162147	15533	951137	4485623	1751658	2733965	1418246	20330	0	0	0	0	0	0	0	0	1	1	1	0	1	0	0	0	124	0	301	1804	0	0	599	601	17161	149	995	995	NORM	PA_E	12	0
20131129-162151	15533	951137	4485623	1751658	2733965	1418246	20330	0	0	0	0	0	0	0	0	1	1	1	0	1	0	0	0	124	0	0	0	0	0	0	0	17168	12	133	133	NORM	PA_E	12	0
20131129-162155	15533	951137	4485627	1751658	2733969	1418246	20330	0	0	0	0	0	0	0	0	1	1	1	0	1	0	0	0	124	0	65010	0	3019	0	64458	64461	17173	102	684	684	NORM	PA_E	12	0
20131129-162158	15533	951137	4485627	1751658	2733969	1418246	20330	0	0	0	0	0	0	0	1	1	1	1	0	1	0	0	0	124	0	64673	0	5654	0	63431	63427	17177	190	1377	1377	NORM	PA_E	12	0
20131129-162202	15533	951137	4485627	1751658	2733969	1418246	20330	0	0	0	0	0	0	0	1	1	1	1	0	1	0	0	0	124	0	64259	0	7388	0	62943	62933	17182	223	1466	1466	NORM	PA_E	12	0
20131129-162206	15533	951137	4485627	1751658	2733969	1418246	20330	0	0	0	0	0	0	0	1	1	1	1	0	1	0	0	0	124	0	65313	0	899	0	65103	65099	17158	33	168	168	NORM	PA_E	12	0
20131129-162210	15533	951137	4485627	1751658	2733969	1418246	20330	0	0	0	0	0	0	0	1	1	1	1	0	1	0	0	0	124	0	65201	0	1991	0	64692	64691	17171	30	231	231	NORM	PA_E	12	0
20131129-162213	15533	951137	4485627	1751658	2733969	1418246	20330	0	0	0	0	0	0	0	1	1	1	1	0	1	0	0	0	124	0	64987	0	3148	0	64421	64424	17170	47	311	311	NORM	PA_E	12	0
20131129-162217	15533	951137	4485627	1751658	2733969	1418246	20330	0	0	0	0	0	0	0	1	1	1	1	0	1	0	0	0	124	0	64965	0	3276	0	64372	64370	17168	40	266	266	NORM	PA_E	12	0
20131129-162221	15533	951137	4485627	1751658	2733969	1418246	20330	0	0	0	0	0	0	0	1	1	1	1	0	1	0	0	0	124	0	65447	0	642	0	64640	64629	17165	2	124	124	NORM	PA_E	12	0
20131129-162224	15533	951137	4485627	1751658	2733969	1418246	20330	0	0	0	0	0	0	0	1	1	1	1	0	1	0	0	0	124	0	65033	0	3212	3212	0	0	17159	15	133	133	NORM	PA_E	12	0
20131129-162228	15533	951137	4485627	1751658	2733969	1418246	20330	0	0	0	0	0	0	0	0	1	1	1	0	1	0	0	0	124	0	63540	0	11436	11436	0	0	17159	16	133	133	NORM	PA_E	12	0
20131129-162232	15533	951137	4485627	1751658	2733969	1418246	20330	0	0	0	0	0	0	0	0	1	1	1	0	1	1	0	0	123	0	63622	0	9509	9509	0	0	17157	19	142	142	NORM	PA_E	12	0
20131129-162236	15533	951137	4485627	1751658	2733969	1418246	20330	0	0	0	0	0	0	0	0	1	1	1	1	1	1	0	0	123	0	63946	0	9187	9187	0	0	17164	23	168	168	NORM	CH_I	13	0
20131129-162239	15533	951137	4485627	1751658	2733969	1418246	20330	0	0	0	0	0	0	0	0	1	1	1	1	1	1	0	0	122	0	63957	0	9187	9187	0	0	17165	22	168	168	NORM	CH_E	13	0
20131129-162243	15533	951137	4485627	1751658	2733969	1418246	20330	0	0	0	0	0	0	0	0	1	1	1	1	1	1	0	0	121	0	63958	0	9252	9252	0	0	17162	23	159	159	NORM	CH_E	13	0
20131129-162247	15533	951137	4485627	1751658	2733969	1418246	20330	0	0	0	0	0	0	0	0	1	1	1	1	1	1	0	0	121	0	63498	0	10665	10665	0	0	17157	22	168	168	NORM	CH_E	13	0
20131129-162250	15533	951137	4485627	1751658	2733969	1418246	20330	0	0	0	0	0	0	0	1	0	1	1	1	1	1	0	0	121	0	63904	0	9573	9573	0	0	17158	26	186	186	NORM	FIM_M	13	0
20131129-162254	15533	951137	4485627	1751660	2733967	1418246	20330	0	0	0	0	0	0	0	1	0	1	1	1	1	1	0	0	120	0	63949	0	9380	9380	0	0	17160	25	186	186	NORM	N_D	13	0
20131129-162258	15533	951137	4485627	1751660	2733967	1418246	20330	0	0	0	0	0	0	0	1	0	1	1	1	1	1	0	0	120	0	63959	0	9316	9316	0	0	17149	26	186	186	NORM	N_D	0	0
20131129-162301	15533	951137	4485627	1751660	2733967	1418246	20330	0	0	0	0	0	0	0	1	0	1	1	1	1	1	0	0	120	0	63949	0	9380	9316	0	0	17155	26	186	186	NORM	N_D	0	0
20131129-162305	15533	951137	4485627	1751660	2733967	1418246	20330	0	0	0	0	0	0	0	1	0	1	1	1	1	1	0	0	119	0	63972	0	9316	9316	0	0	17161	26	186	177	NORM	N_D	0	0
20131129-162309	15533	951137	4485627	1751660	2733967	1418246	20330	0	0	0	0	0	0	0	1	0	1	1	1	1	1	0	0	119	0	63972	0	9316	9316	0	0	17143	15	133	133	NORM	N_D	0	0
20131129-162312	15533	951137	4485627	1751660	2733967	1418246	20330	0	0	0	0	0	0	0	1	0	1	1	1	1	1	0	0	119	0	63983	0	9316	9316	0	0	17143	14	133	133	NORM	N_D	0	0
20131129-162316	15533	951137	4485627	1751660	2733967	1418246	20330	0	0	0	0	0	0	0	1	0	1	1	1	1	1	0	0	119	0	63983	0	9252	9252	0	0	17134	15	133	133	NORM	N_D	0	0
20131129-162320	15533	951137	4485627	1751660	2733967	1418246	20330	0	0	0	0	0	0	0	1	0	1	1	1	1	1	0	0	119	0	63983	0	9252	9252	0	0	17142	1	115	115	NORM	N_D	0	0
20131129-162324	15533	951137	4485627	1751660	2733967	1418246	20330	0	0	0	0	0	0	0	1	0	1	1	1	1	1	0	0	119	0	63962	0	9316	9316	0	0	17159	4	106	106	NORM	N_D	0	0
20131129-162327	15533	951137	4485627	1751660	2733967	1418246	20330	0	0	0	0	0	0	0	1	0	1	1	1	1	1	0	0	119	0	63962	0	9380	9444	0	0	17149	19	151	151	NORM	N_D	0	0
20131129-162331	15533	951137	4485627	1751660	2733967	1418246	20330	0	0	0	0	0	0	0	1	0	1	1	1	1	1	0	0	119	0	63950	0	9444	9444	0	0	17149	19	151	151	NORM	N_D	0	0
20131129-162335	15533	951137	4485627	1751660	2733967	1418246	20330	0	0	0	0	0	0	0	1	0	1	1	1	1	1	0	0	119	0	63950	0	9444	9444	0	0	17152	19	151	151	NORM	N_D	0	0
20131129-162338	15533	951137	4485627	1751660	2733967	1418246	20330	0	0	0	0	0	0	0	1	0	1	1	1	1	1	0	0	119	0	63950	0	9444	9444	0	0	17152	18	151	151	NORM	N_D	0	0
20131129-162342	15533	951137	4485627	1751660	2733967	1418246	20330	0	0	0	0	0	0	0	1	0	1	1	1	1	1	0	0	119	0	63950	0	9444	9444	0	0	17149	19	142	142	NORM	N_D	0	0
20131129-162346	15533	951137	4485627	1751660	2733967	1418246	20330	0	0	0	0	0	0	0	1	0	1	1	1	1	1	0	0	118	0	63963	0	9444	9444	0	0	17146	19	142	142	NORM	N_D	0	0
20131129-162349	15533	951137	4485627	1751660	2733967	1418246	20330	0	0	0	0	0	0	0	1	0	1	1	1	1	1	0	0	119	0	63950	0	9444	9444	0	0	17159	23	168	168	NORM	N_D	0	0
20131129-162353	15533	951137	4485628	1751660	2733968	1418246	20330	0	0	0	0	0	0	0	1	0	1	1	1	1	1	0	0	118	0	63963	0	9444	9444	0	0	17158	23	168	168	NORM	N_D	0	0
20131129-162357	15533	951137	4485628	1751660	2733968	1418246	20330	0	0	0	0	0	0	0	1	0	1	1	1	1	1	0	0	118	0	63963	0	9444	9444	0	0	17164	23	168	168	NORM	N_D	0	0
20131129-162400	15533	951137	4485628	1751660	2733968	1418246	20330	0	0	0	0	0	0	0	1	0	1	1	1	1	1	0	0	118	0	63952	0	9444	9444	0	0	17164	23	168	168	NORM	N_D	0	0
20131129-162404	15533	951137	4485628	1751660	2733968	1418246	20330	0	0	0	0	0	0	0	1	0	1	1	1	1	1	0	0	118	0	63963	0	9509	9509	0	0	17161	24	168	159	NORM	N_D	0	0
20131129-162408	15533	951137	4485628	1751660	2733968	1418246	20330	0	0	0	0	0	0	0	1	0	1	1	1	1	1	0	0	118	0	63952	0	9509	9509	0	0	17168	19	142	142	NORM	N_D	0	0
20131129-162411	15533	951137	4485628	1751660	2733968	1418246	20330	0	0	0	0	0	0	0	1	0	1	1	1	1	1	0	0	118	0	63952	0	9509	9509	0	0	17165	18	142	142	NORM	N_D	0	0
20131129-162415	15533	951137	4485628	1751660	2733968	1418246	20330	0	0	0	0	0	0	0	1	0	1	1	1	1	1	0	0	118	0	63952	0	9444	9444	0	0	17167	7	115	115	NORM	N_D	0	0
20131129-162419	15533	951137	4485628	1751660	2733968	1418246	20330	0	0	0	0	0	0	0	1	0	1	1	1	1	1	0	0	118	0	63963	0	9444	9509	0	0	17160	8	124	124	NORM	N_D	0	0
20131129-162422	15533	951137	4485628	1751660	2733968	1418246	20330	0	0	0	0	0	0	0	1	0	1	1	1	1	1	0	0	118	0	63952	0	9509	9509	0	0	17161	6	124	124	NORM	N_D	0	0
20131129-162426	15533	951137	4485628	1751660	2733968	1418246	20330	0	0	0	0	0	0	0	1	0	1	1	1	1	1	0	0	118	0	63952	0	9509	9509	0	0	17167	21	159	159	NORM	N_D	0	0
20131129-162430	15533	951137	4485628	1751660	2733968	1418246	20330	0	0	0	0	0	0	0	1	0	1	1	1	1	1	0	0	118	0	63952	0	9444	9444	0	0	17158	21	159	159	NORM	N_D	0	0
20131129-162434	15533	951137	4485628	1751660	2733968	1418246	20330	0	0	0	0	0	0	0	1	0	1	1	1	1	1	0	0	118	0	63952	0	9509	9509	0	0	17159	21	159	159	NORM	N_D	0	0
20131129-162437	15533	951137	4485628	1751660	2733968	1418246	20330	0	0	0	0	0	0	0	1	0	1	1	1	1	1	0	0	118	0	63952	0	9573	9573	0	0	17157	21	159	159	NORM	N_D	0	0
20131129-162441	15533	951137	4485628	1751660	2733968	1418246	20330	0	0	0	0	0	0	0	1	0	1	1	1	1	1	0	0	118	0	63952	0	9509	9509	0	0	17157	21	159	159	NORM	N_D	0	0
20131129-162445	15533	951137	4485628	1751660	2733968	1418246	20330	0	0	0	0	0	0	0	1	0	1	1	1	1	1	0	0	117	0	63954	0	9573	9573	0	0	17162	21	159	159	NORM	N_D	0	0
20131129-162448	15533	951137	4485628	1751660	2733968	1418246	20330	0	0	0	0	0	0	0	1	0	1	1	1	1	1	0	0	117	0	63965	0	9573	9573	0	0	17158	24	177	177	NORM	N_D	0	0
20131129-162452	15533	951137	4485629	1751660	2733969	1418246	20330	0	0	0	0	0	0	0	1	0	1	1	1	1	1	0	0	117	0	63965	0	9509	9509	0	0	17168	24	177	177	NORM	N_D	0	0
20131129-162456	15533	951137	4485629	1751660	2733969	1418246	20330	0	0	0	0	0	0	0	1	0	1	1	1	1	1	0	0	117	0	63954	0	9509	9509	0	0	17161	24	177	177	NORM	N_D	0	0
20131129-162500	15533	951137	4485629	1751660	2733969	1418246	20330	0	0	0	0	0	0	0	1	0	1	1	1	1	1	0	0	117	0	63965	0	9509	9509	0	0	17165	7	124	124	NORM	N_D	0	0
20131129-162503	15533	951137	4485629	1751660	2733969	1418246	20330	0	0	0	0	0	0	0	1	0	1	1	1	1	1	0	0	117	0	63965	0	9509	9509	0	0	17167	7	124	124	NORM	N_D	0	0
20131129-162507	15533	951137	4485629	1751660	2733969	1418246	20330	0	0	0	0	0	0	0	1	0	1	1	1	1	1	0	0	117	0	63954	0	9509	9509	0	0	17164	4	115	115	NORM	N_D	0	0
20131129-162511	15533	951137	4485629	1751660	2733969	1418246	20330	0	0	0	0	0	0	0	1	0	1	1	1	1	1	0	0	117	0	63954	0	9573	9509	0	0	17167	8	124	124	NORM	N_D	0	0
20131129-162514	15533	951137	4485629	1751660	2733969	1418246	20330	0	0	0	0	0	0	0	1	0	1	1	1	1	1	0	0	117	0	63965	0	9509	9509	0	0	17161	6	124	124	NORM	N_D	0	0
20131129-162518	15533	951137	4485629	1751660	2733969	1418246	20330	0	0	0	0	0	0	0	1	0	1	1	1	1	1	0	0	117	0	63965	0	9509	9509	0	0	17162	6	115	115	NORM	N_D	0	0
20131129-162522	15533	951137	4485629	1751660	2733969	1418246	20330	0	0	0	0	0	0	0	1	0	1	1	1	1	1	0	0	117	0	63965	0	9509	9509	0	0	17153	21	159	159	NORM	N_D	0	0
20131129-162525	15533	951137	4485629	1751660	2733969	1418246	20330	0	0	0	0	0	0	0	1	0	1	1	1	1	1	0	0	117	0	63954	0	9573	9573	0	0	17152	6	124	124	NORM	N_D	0	0
20131129-162529	15533	951137	4485629	1751660	2733969	1418246	20330	0	0	0	0	0	0	0	1	0	1	1	1	1	1	0	0	117	0	63954	0	9573	9573	0	0	17150	17	142	142	NORM	N_D	0	0
20131129-162533	15533	951137	4485629	1751660	2733969	1418246	20330	0	0	0	0	0	0	0	1	0	1	1	1	1	1	0	0	117	0	63954	0	9573	9573	0	0	17161	19	142	151	NORM	N_D	0	0
20131129-162536	15533	951137	4485629	1751660	2733969	1418246	20330	0	0	0	0	0	0	0	1	0	1	1	1	1	1	0	0	117	0	63965	0	9573	9573	0	0	17156	19	151	151	NORM	N_D	0	0
20131129-162540	15533	951137	4485629	1751660	2733969	1418246	20330	0	0	0	0	0	0	0	1	0	1	1	1	1	1	0	0	117	0	63965	0	9573	9573	0	0	17157	18	151	142	NORM	N_D	0	0
20131129-162544	15533	951137	4485629	1751660	2733969	1418246	20330	0	0	0	0	0	0	0	1	0	1	1	1	1	1	0	0	117	0	63954	0	9573	9573	0	0	17149	19	142	142	NORM	N_D	0	0
20131129-162547	15533	951137	4485629	1751660	2733969	1418246	20330	0	0	0	0	0	0	0	1	0	1	1	1	1	1	0	0	117	0	63965	0	9509	9509	0	0	17157	19	142	142	NORM	N_D	0	0
20131129-162551	15533	951137	4485629	1751660	2733969	1418246	20330	0	0	0	0	0	0	0	1	0	1	1	1	1	1	0	0	117	0	63954	0	9573	9573	0	0	17144	23	168	168	NORM	N_D	0	0
20131129-162555	15533	951137	4485629	1751660	2733969	1418246	20330	0	0	0	0	0	0	0	1	0	1	1	1	1	1	0	0	117	0	63954	0	9573	9573	0	0	17143	18	142	142	NORM	N_D	0	0
20131129-162559	15533	951137	4485629	1751660	2733969	1418246	20330	0	0	0	0	0	0	0	1	0	1	1	1	1	1	0	0	117	0	63954	0	9573	9573	0	0	17141	18	142	142	NORM	N_D	0	0
20131129-162602	15533	951137	4485629	1751660	2733969	1418246	20330	0	0	0	0	0	1	0	1	0	1	1	1	1	1	0	0	117	0	63965	0	9509	9573	0	0	17137	0	8	8	NORM	N_D	0	0
20131129-162606	15533	951137	4485629	1751660	2733969	1418246	20330	0	0	0	0	0	1	0	1	0	1	1	1	1	1	0	0	117	0	63965	0	9573	9573	0	0	17136	0	8	8	NORM	N_D	0	0
20131129-162610	15533	951137	4485629	1751660	2733969	1418246	20330	0	0	0	0	0	1	0	1	0	1	1	1	1	1	0	0	117	0	63954	0	9573	9573	0	0	17132	0	8	8	NORM	N_D	0	0
20131129-162613	15533	951137	4485629	1751660	2733969	1418246	20330	0	0	0	0	0	1	0	1	0	1	1	1	1	1	0	0	117	0	63954	0	9573	9573	0	0	3056	0	8	8	NORM	N_D	0	0
20131129-162617	15533	951137	4485629	1751660	2733969	1418246	20330	0	0	0	0	0	1	0	1	0	1	1	1	1	1	0	0	117	0	63954	0	9573	9573	0	0	1164	0	8	8	NORM	N_D	0	0
20131129-162621	15533	951137	4485629	1751660	2733969	1418246	20330	0	0	0	0	0	1	0	1	0	1	1	1	1	1	0	0	117	0	63954	0	9509	9509	0	0	983	0	8	8	NORM	N_D	0	0
20131129-162624	15533	951137	4485629	1751660	2733969	1418246	20330	0	0	0	0	0	1	0	1	0	1	1	1	1	1	0	0	117	0	63954	0	9509	9573	0	0	976	0	0	0	NORM	N_D	0	0
20131129-162628	15533	951137	4485629	1751660	2733969	1418246	20330	0	0	0	0	0	1	0	1	0	1	1	1	1	1	0	0	117	0	63954	0	9509	9509	0	0	974	0	65528	0	NORM	N_D	0	0
20131129-162632	15533	951137	4485629	1751660	2733969	1418246	20330	0	0	0	0	0	1	0	1	0	1	1	1	1	1	0	0	117	0	63965	0	9509	9573	0	0	973	0	8	8	NORM	N_D	0	0
20131129-162636	15533	951137	4485629	1751660	2733969	1418246	20330	0	0	0	0	0	1	0	1	0	1	1	1	1	1	0	0	117	0	63954	0	9573	9573	0	0	971	0	8	8	NORM	N_D	0	0
20131129-162639	15533	951137	4485629	1751660	2733969	1418246	20330	0	0	0	0	0	1	0	1	0	1	1	1	1	1	0	0	117	0	63965	0	9573	9573	0	0	969	0	0	0	NORM	N_D	0	0
20131129-162643	15533	951137	4485629	1751660	2733969	1418246	20330	0	0	0	0	0	1	0	1	0	1	1	1	1	1	0	0	117	0	63954	0	9573	9573	0	0	969	0	8	8	NORM	N_D	0	0
20131129-162647	15533	951137	4485629	1751660	2733969	1418246	20330	0	0	0	0	0	1	0	1	0	1	1	1	1	1	0	0	117	0	63965	0	9573	9573	0	0	965	0	8	8	NORM	N_D	0	0
20131129-162650	15533	951137	4485629	1751660	2733969	1418246	20330	0	0	0	0	0	1	0	1	0	1	1	1	1	1	0	0	117	0	63944	0	9509	9509	0	0	966	0	8	8	NORM	N_D	0	0
20131129-162654	15533	951137	4485629	1751660	2733969	1418246	20330	0	0	0	0	0	1	0	1	0	1	1	1	1	1	0	0	117	0	63954	0	9573	9573	0	0	965	0	8	8	NORM	N_D	0	0
20131129-162658	15533	951137	4485629	1751660	2733969	1418246	20330	0	0	0	0	0	1	0	1	0	1	1	1	1	1	0	0	117	0	63965	0	9573	9573	0	0	965	0	8	8	NORM	N_D	0	0
20131129-162701	15533	951137	4485629	1751660	2733969	1418246	20330	0	0	0	0	0	1	0	1	0	1	1	1	1	1	0	0	117	0	63954	0	9573	9573	0	0	962	0	8	8	NORM	N_D	0	0
20131129-162705	15533	951137	4485629	1751660	2733969	1418246	20330	0	0	0	0	0	1	0	1	0	1	1	1	1	1	0	0	117	0	63954	0	9573	9573	0	0	964	0	8	8	NORM	N_D	0	0
20131129-162709	15533	951137	4485629	1751660	2733969	1418246	20330	0	0	0	0	0	1	0	1	0	1	1	1	1	1	0	0	117	0	63954	0	9573	9509	0	0	964	0	0	0	NORM	N_D	0	0
20131129-162713	15533	951137	4485629	1751660	2733969	1418246	20330	0	0	0	0	0	1	0	1	0	1	1	1	1	1	0	0	117	0	63954	0	9573	9573	0	0	961	0	8	8	NORM	N_D	0	0
20131129-162716	15533	951137	4485629	1751660	2733969	1418246	20330	0	0	0	0	0	1	0	1	0	1	1	1	1	1	0	0	117	0	63954	0	9573	9573	0	0	961	0	8	8	NORM	N_D	0	0
20131129-162720	15533	951137	4485629	1751660	2733969	1418246	20330	0	0	0	0	0	1	0	1	0	1	1	1	1	1	0	0	117	0	63954	0	9573	9573	0	0	961	0	0	8	NORM	N_D	0	0
20131129-162724	15533	951137	4485629	1751660	2733969	1418246	20330	0	0	0	0	0	1	0	1	0	1	1	1	1	1	0	0	117	0	63965	0	9509	9573	0	0	964	0	8	8	NORM	N_D	0	0
20131129-162727	15533	951137	4485629	1751660	2733969	1418246	20330	0	0	0	0	0	1	0	1	0	1	1	1	1	1	0	0	117	0	63965	0	9573	9573	0	0	964	0	8	8	NORM	N_D	0	0
20131129-162731	15533	951137	4485629	1751660	2733969	1418246	20330	0	0	0	0	0	1	0	1	0	1	1	1	1	1	0	0	117	0	63965	0	9509	9509	0	0	962	0	8	8	NORM	N_D	0	0
20131129-162735	15533	951137	4485629	1751660	2733969	1418246	20330	0	0	0	0	0	1	0	1	0	1	1	1	1	1	0	0	117	0	63954	0	9573	9573	0	0	959	0	0	0	NORM	N_D	0	0
20131129-162738	15533	951137	4485629	1751660	2733969	1418246	20330	0	0	0	0	0	1	0	1	0	1	1	1	1	1	0	0	117	0	63954	0	9509	9509	0	0	961	0	8	8	NORM	N_D	0	0
20131129-162742	15533	951137	4485629	1751660	2733969	1418246	20330	0	0	0	0	0	1	0	1	0	1	1	1	1	1	0	0	117	0	63954	0	9573	9573	0	0	961	0	8	8	NORM	N_D	0	0
20131129-162746	15533	951137	4485629	1751660	2733969	1418246	20330	0	0	0	0	0	1	0	1	0	1	1	1	1	1	0	0	117	0	63954	0	9573	9573	0	0	961	0	8	8	NORM	N_D	0	0
20131129-162749	15533	951137	4485629	1751660	2733969	1418246	20330	0	0	0	0	0	1	0	1	0	1	1	1	1	1	0	0	117	0	63954	0	9509	9509	0	0	958	0	8	8	NORM	N_D	0	0
20131129-162753	15533	951137	4485629	1751660	2733969	1418246	20330	0	0	0	0	0	1	0	1	0	1	1	1	1	1	0	0	117	0	63954	0	9573	9573	0	0	958	0	8	8	NORM	N_D	0	0
20131129-162757	15533	951137	4485629	1751660	2733969	1418246	20330	0	0	0	0	0	1	0	1	0	1	1	1	1	1	0	0	117	0	63965	0	9509	9573	0	0	958	0	8	8	NORM	N_D	0	0
20131129-162801	15533	951137	4485629	1751660	2733969	1418246	20330	0	0	0	0	0	1	0	1	0	1	1	1	1	1	0	0	117	0	63954	0	9573	9573	0	0	956	0	8	8	NORM	N_D	0	0
20131129-162804	15533	951137	4485629	1751660	2733969	1418246	20330	0	0	0	0	0	1	0	1	0	1	1	1	1	1	0	0	117	0	63954	0	9573	9573	0	0	956	0	8	8	NORM	N_D	0	0
20131129-162808	15533	951137	4485629	1751660	2733969	1418246	20330	0	0	0	0	0	1	0	1	0	1	1	1	1	1	0	0	117	0	63954	0	9509	9509	0	0	955	0	8	0	NORM	N_D	0	0
20131129-162812	15533	951137	4485629	1751660	2733969	1418246	20330	0	0	0	0	0	1	0	1	0	1	1	1	1	1	0	0	117	0	63954	0	9573	9509	0	0	956	0	8	8	NORM	N_D	0	0
20131129-162815	15533	951137	4485629	1751660	2733969	1418246	20330	0	0	0	0	0	1	0	1	0	1	1	1	1	1	0	0	117	0	63954	0	9573	9573	0	0	955	0	8	8	NORM	N_D	0	0
20131129-162819	15533	951137	4485629	1751660	2733969	1418246	20330	0	0	0	0	0	1	0	1	0	1	1	1	1	1	0	0	117	0	63954	0	9573	9573	0	0	953	0	8	8	NORM	N_D	0	0
20131129-162823	15533	951137	4485629	1751660	2733969	1418246	20330	0	0	0	0	0	1	0	1	0	1	1	1	1	1	0	0	117	0	63954	0	9573	9573	0	0	955	0	8	8	NORM	N_D	0	0
20131129-162826	15533	951137	4485629	1751660	2733969	1418246	20330	0	0	0	0	0	1	0	1	0	1	1	1	1	1	0	0	117	0	63816	0	10408	10344	0	0	953	0	8	8	NORM	N_D	0	0
20131129-162830	15533	951137	4485629	1751660	2733969	1418246	20330	0	0	0	0	0	1	0	1	0	1	1	1	1	1	1	0	117	0	63911	0	9830	9830	0	0	953	0	8	8	OFF	N_D	0	0
#eof
