20131204-071341	0	0	4499515	1756638	2742877	1419952	19851	0	1	0	0	0	1	0	0	0	1	1	1	1	1	0	0	118	0	63952	0	9444	9444	0	0	1316	0	65528	8	ON	N_D	0	0
20131204-071343	0	0	4499515	1756638	2742877	1419952	19851	0	1	0	0	0	1	0	0	0	1	1	1	1	1	0	0	118	0	63963	0	9509	9509	0	0	1315	0	65528	8	NORM_I	N_D	0	0
20131204-071347	0	0	4499515	1756638	2742877	1419952	19851	0	1	0	0	0	1	0	0	0	1	1	1	1	1	0	0	118	0	63952	0	9509	9509	0	0	1315	0	65528	8	NORM	N_D	0	0
20131204-071351	0	0	4499515	1756638	2742877	1419952	19851	0	1	0	0	0	1	0	0	0	1	1	1	1	1	0	0	118	0	63952	0	9444	9444	0	0	1304	0	65528	8	NORM	N_D	0	0
20131204-071355	0	0	4499515	1756638	2742877	1419952	19851	0	1	0	0	0	1	0	0	0	1	1	1	1	1	0	0	118	0	63952	0	9444	9444	0	0	1315	0	65528	8	NORM	N_D	0	0
20131204-071359	0	0	4499515	1756638	2742877	1419952	19851	0	1	0	0	0	1	0	0	0	1	1	1	1	1	0	0	118	0	63963	0	9444	9444	0	0	1310	0	65528	8	NORM	N_D	0	0
20131204-071401	0	0	4499515	1756638	2742877	1419952	19851	0	1	0	0	0	1	0	0	0	1	1	1	1	1	0	0	118	0	63963	0	9444	9444	0	0	1318	0	65528	8	NORM	N_D	0	0
20131204-071403	0	0	4499515	1756638	2742877	1419952	19851	0	1	0	0	0	1	0	0	0	1	1	1	1	1	0	0	118	0	63963	0	9444	9509	0	0	1315	0	65528	8	NORM	N_D	0	0
20131204-071405	0	0	4499515	1756638	2742877	1419952	19851	0	1	0	0	0	1	0	0	0	1	1	1	1	1	0	0	117	0	63965	0	9509	9509	0	0	1315	0	65528	8	NORM	N_D	0	0
20131204-071407	0	0	4499515	1756638	2742877	1419952	19851	0	1	0	0	0	1	0	0	0	1	1	1	1	1	0	0	117	0	63965	0	9509	9509	0	0	1318	0	65528	8	NORM	N_D	0	0
20131204-071409	0	0	4499515	1756638	2742877	1419952	19851	0	1	0	0	0	1	0	0	0	1	1	1	1	1	0	0	117	0	63965	0	9509	9509	0	0	1324	0	65528	8	NORM	N_D	0	0
20131204-071411	0	0	4499515	1756638	2742877	1419952	19851	0	1	0	0	0	1	0	0	0	1	1	1	1	1	0	0	117	0	63965	0	9444	9444	0	0	1325	0	0	8	NORM	N_D	0	0
20131204-071415	0	0	4499515	1756638	2742877	1419952	19851	0	1	0	0	0	1	0	0	0	1	1	1	1	1	0	0	117	0	63965	0	9509	9509	0	0	1324	0	65528	8	NORM	N_D	0	0
20131204-071419	0	0	4499515	1756638	2742877	1419952	19851	0	1	0	0	0	1	0	0	0	1	1	1	1	1	0	0	117	0	63965	0	9509	9509	0	0	1324	0	0	8	NORM	N_D	0	0
20131204-071421	0	0	4499515	1756638	2742877	1419952	19851	0	1	0	0	0	1	0	0	0	1	1	1	1	1	0	0	117	0	63965	0	9509	9509	0	0	1325	0	65528	8	NORM	N_D	0	0
20131204-071423	0	0	4499515	1756638	2742877	1419952	19851	0	1	0	0	0	1	0	0	0	1	1	1	1	1	0	0	117	0	63965	0	9509	9509	0	0	1324	0	65528	8	NORM	N_D	0	0
20131204-071425	0	0	4499515	1756638	2742877	1419952	19851	0	1	0	0	0	1	0	0	0	1	1	1	1	1	0	0	117	0	63965	0	9509	9509	0	0	1322	0	65528	8	NORM	N_D	0	0
20131204-071427	0	0	4499515	1756638	2742877	1419952	19851	0	1	0	0	0	1	0	0	0	1	1	1	1	1	0	0	117	0	63965	0	9509	9509	0	0	1319	0	65528	8	NORM	N_D	0	0
20131204-071431	0	0	4499516	1756638	2742878	1419952	19851	0	1	0	0	0	1	0	0	0	1	1	1	1	1	0	0	117	0	63975	0	9509	9509	0	0	1312	0	65528	8	NORM	N_D	0	0
20131204-071433	0	0	4499516	1756638	2742878	1419952	19851	0	1	0	0	0	1	0	0	0	1	1	1	1	1	0	0	117	0	63975	0	9444	9509	0	0	1312	0	65528	8	NORM	N_D	0	0
20131204-071438	0	0	4499516	1756638	2742878	1419952	19851	0	1	0	0	0	1	0	0	0	1	1	1	1	1	0	0	117	0	63965	0	9509	9509	0	0	1316	0	65528	8	NORM	N_D	0	0
20131204-071442	0	0	4499516	1756638	2742878	1419952	19851	0	1	0	0	0	1	0	0	0	1	1	1	1	1	0	0	117	0	63965	0	9509	9509	0	0	1322	0	65528	8	NORM	N_D	0	0
20131204-071444	0	0	4499516	1756638	2742878	1419952	19851	0	1	0	0	0	1	0	0	0	1	1	1	1	1	0	0	117	0	63975	0	12400	12400	0	0	1328	0	65528	8	NORM	N_D	0	0
20131204-071446	0	0	4499516	1756638	2742878	1419952	19851	0	1	0	0	0	1	0	0	0	1	1	1	1	1	0	0	117	0	63901	0	9894	9830	0	0	1315	0	65528	8	NORM	N_D	0	0
20131204-071450	0	0	4499516	1756638	2742878	1419952	19851	0	1	0	0	0	1	0	0	0	1	1	1	1	1	0	0	117	0	63911	0	9830	9830	0	0	1315	0	0	0	NORM	N_D	0	0
20131204-071454	0	0	4499516	1756638	2742878	1419952	19851	0	1	0	0	0	1	0	0	0	1	1	1	1	1	0	0	117	0	63965	0	9573	9573	0	0	1313	0	65528	8	NORM	N_D	0	0
20131204-071456	0	0	4499516	1756638	2742878	1419952	19851	0	1	0	0	0	1	0	0	0	1	1	1	1	1	0	0	117	0	63954	0	9637	9637	0	0	1307	0	65528	8	NORM	N_D	0	0
20131204-071458	0	0	4499516	1756638	2742878	1419952	19851	0	1	0	0	0	1	0	0	0	1	1	1	1	1	0	0	117	0	63944	0	9701	9701	0	0	1309	0	65528	0	NORM	N_D	0	0
20131204-071500	0	0	4499516	1756638	2742878	1419952	19851	0	1	0	0	0	1	0	0	0	1	1	1	1	1	0	0	117	0	63944	0	9637	9637	0	0	1312	0	65528	8	NORM	N_D	0	0
20131204-071502	0	0	4499516	1756638	2742878	1419952	19851	0	1	0	0	0	1	0	0	0	1	1	1	1	1	0	0	117	0	62838	0	16319	16319	0	0	1309	0	65528	8	NORM	N_D	0	0
20131204-071504	0	0	4499516	1756638	2742878	1419952	19851	0	1	0	0	0	1	0	0	0	1	1	1	1	1	0	0	117	0	63890	0	9830	9830	0	0	1306	0	65528	8	NORM	N_D	0	0
20131204-071506	0	0	4499516	1756638	2742878	1419952	19851	0	1	0	0	0	1	0	0	0	1	1	1	1	1	0	0	117	0	63933	0	9701	9701	0	0	1310	0	0	8	NORM	N_D	0	0
20131204-071510	0	0	4499516	1756638	2742878	1419952	19851	0	1	0	0	0	1	0	0	0	1	1	1	1	1	0	0	117	0	62923	0	16191	16191	0	0	1319	0	65528	8	NORM	N_D	0	0
20131204-071512	0	0	4499516	1756638	2742878	1419952	19851	0	1	0	0	0	1	0	0	0	1	1	1	1	1	0	0	117	0	63859	0	10087	10087	0	0	1316	0	65528	8	NORM	N_D	0	0
20131204-071514	0	0	4499516	1756638	2742878	1419952	19851	0	1	0	0	0	1	0	0	0	1	1	1	1	1	0	0	117	0	63922	0	9766	9701	0	0	1313	0	65528	0	NORM	N_D	0	0
20131204-071516	0	0	4499516	1756638	2742878	1419952	19851	0	1	0	0	0	1	0	0	0	1	1	1	1	1	0	0	117	0	63954	0	9573	9573	0	0	1319	0	65528	8	NORM	N_D	0	0
20131204-071518	0	0	4499516	1756638	2742878	1419952	19851	0	1	0	0	0	1	0	0	0	1	1	1	1	1	0	0	117	0	63848	0	10280	10280	0	0	1316	0	65519	8	NORM	N_D	0	0
20131204-071522	0	0	4499516	1756638	2742878	1419952	19851	0	1	0	0	0	1	0	0	0	1	1	1	1	1	0	0	117	0	63944	0	9637	9637	0	0	1322	0	65528	8	NORM	N_D	0	0
20131204-071524	0	0	4499516	1756638	2742878	1419952	19851	0	1	0	0	0	1	0	0	0	1	1	1	1	1	0	0	117	0	63954	0	9637	9637	0	0	1319	0	65528	8	NORM	N_D	0	0
20131204-071528	0	0	4499516	1756638	2742878	1419952	19851	0	1	0	0	0	1	0	0	0	1	1	1	1	1	0	0	117	0	63954	0	9509	9509	0	0	1318	0	65528	0	NORM	N_D	0	0
20131204-071532	0	0	4499516	1756638	2742878	1419952	19851	0	1	0	0	0	1	0	0	0	1	1	1	1	1	0	0	117	0	63965	0	9509	9509	0	0	1330	0	65528	8	NORM	N_D	0	0
20131204-071535	0	0	4499516	1756638	2742878	1419952	19851	0	1	0	0	0	1	0	0	0	1	1	1	1	1	0	0	117	0	63965	0	9509	9509	0	0	1581	0	65528	8	NORM	N_D	0	0
20131204-071537	0	0	4499516	1756638	2742878	1419952	19851	0	1	0	0	0	1	0	0	0	1	1	1	1	1	0	0	117	0	63965	0	9509	9509	0	0	3045	0	65528	8	NORM	N_D	0	0
20131204-071541	0	0	4499516	1756638	2742878	1419952	19851	0	1	0	0	0	1	0	0	0	1	1	1	1	1	0	0	117	0	63965	0	9509	9509	0	0	17405	0	65528	8	NORM	N_D	0	0
20131204-071543	0	0	4499516	1756638	2742878	1419952	19851	0	1	0	0	0	1	0	0	0	1	1	1	1	1	0	0	117	0	63965	0	9509	9509	0	0	17403	0	65528	8	NORM	N_D	0	0
20131204-071547	0	0	4499516	1756638	2742878	1419952	19851	0	1	0	0	0	0	0	0	0	1	1	1	1	1	0	0	117	0	63965	0	9509	9509	0	0	17366	77	319	346	NORM	N_D	0	0
20131204-071551	0	0	4499516	1756638	2742878	1419952	19851	0	1	0	0	0	0	0	0	0	1	1	1	1	1	0	0	117	0	63965	0	9509	9509	0	0	17402	0	71	35	NORM	N_D	0	0
20131204-071555	0	0	4499516	1756638	2742878	1419952	19851	0	1	0	0	0	0	0	0	0	1	1	1	1	1	0	0	117	0	63965	0	9509	9509	0	0	17403	2	44	53	NORM	N_D	0	0
20131204-071557	0	0	4499516	1756638	2742878	1419952	19851	0	1	0	0	0	0	0	0	0	1	1	1	1	1	0	0	117	0	63965	0	9509	9509	0	0	17432	0	53	62	NORM	N_D	0	0
20131204-071559	0	990244	4499516	1756638	2742878	1419952	19851	0	1	0	0	0	0	0	0	0	1	1	1	1	1	0	0	117	0	63965	0	9509	9509	0	0	17433	0	53	62	NORM	N_D	0	0
20131204-071601	15509	990244	4499516	1756638	2742878	1419952	19851	0	1	0	0	0	0	0	0	0	1	1	1	1	1	0	0	117	0	63965	0	9509	9509	0	0	17427	0	124	142	NORM	N_D	0	0
20131204-071603	15509	990244	4499516	1756638	2742878	1419952	19851	0	1	0	0	0	0	0	0	1	1	1	1	1	1	0	0	117	0	63975	0	9444	9444	0	0	17440	13	142	159	NORM	ACT	0	0
20131204-071605	15509	990244	4499516	1756638	2742878	1419952	19851	0	1	0	0	0	0	0	0	1	1	1	1	1	1	0	0	117	0	63954	0	9637	9637	0	0	17445	69	444	471	NORM	ACT	1	0
20131204-071607	15509	990244	4499516	1756638	2742878	1419952	19851	0	1	0	0	0	0	0	0	1	1	1	1	1	1	0	0	117	0	63954	0	9573	9637	0	0	17460	66	426	444	NORM	ACT	1	0
20131204-071609	15509	990244	4499516	1756638	2742878	1419952	19851	0	1	0	0	0	0	0	0	1	1	1	1	1	1	0	0	117	0	63944	0	9637	9637	0	0	17463	70	471	471	NORM	ACT	1	0
20131204-071613	15509	990244	4499516	1756638	2742878	1419952	19851	0	1	0	0	0	0	0	0	1	1	1	1	1	1	0	0	117	0	63954	0	9573	9637	0	0	17392	70	453	471	NORM	ACT	1	0
20131204-071617	15509	990244	4499516	1756638	2742878	1419952	19851	0	1	0	0	0	0	0	0	1	1	1	1	1	1	0	0	117	0	63944	0	9573	9573	0	0	17420	66	408	435	NORM	ACT	1	0
20131204-071619	15509	990244	4499516	1756638	2742878	1419952	19851	0	1	0	0	0	0	0	0	1	1	1	1	1	1	0	0	117	0	63954	0	9573	9573	0	0	17421	66	417	435	NORM	ACT	1	0
20131204-071621	15509	990244	4499516	1756638	2742878	1419952	19851	0	1	0	0	0	0	0	0	1	1	1	1	1	1	0	0	117	0	63954	0	9637	9637	0	0	17424	66	417	435	NORM	ACT	1	0
20131204-071623	15509	990244	4499516	1756638	2742878	1419952	19851	0	1	0	0	0	0	0	0	1	1	1	1	1	1	0	0	117	0	63965	0	9637	9637	0	0	17419	65	426	435	NORM	ACT	1	0
20131204-071625	15509	990244	4499516	1756638	2742878	1419952	19851	0	1	0	0	0	0	0	0	1	1	1	1	1	1	0	0	117	0	63954	0	9573	9637	0	0	17411	66	408	435	NORM	ACT	1	0
20131204-071627	15509	990244	4499516	1756638	2742878	1419952	19851	0	1	0	0	0	0	0	0	1	1	1	1	1	1	0	0	117	0	63944	0	9573	9573	0	0	17414	66	417	444	NORM	ACT	1	0
20131204-071629	15509	990244	4499516	1756638	2742878	1419952	19851	0	1	0	0	0	0	0	0	1	1	1	1	1	1	0	0	117	0	63954	0	9573	9573	0	0	17420	66	417	435	NORM	ACT	1	0
20131204-071633	15509	990244	4499516	1756638	2742878	1419952	19851	0	1	0	0	0	0	0	0	1	1	1	1	1	1	0	0	117	0	63944	0	9573	9573	0	0	17432	66	417	435	NORM	ACT	1	0
20131204-071637	15509	990244	4499516	1756638	2742878	1419952	19851	0	1	0	0	0	0	0	0	1	1	1	1	1	1	0	0	117	0	63954	0	9637	9637	0	0	17430	66	417	435	NORM	ACT	1	0
20131204-071639	15509	990244	4499516	1756638	2742878	1419952	19851	0	1	0	0	0	0	0	0	1	1	1	1	1	1	0	0	117	0	63944	0	9573	9573	0	0	17423	66	417	426	NORM	ACT	1	0
20131204-071641	15509	990244	4499516	1756638	2742878	1419952	19851	0	1	0	0	0	0	0	0	1	1	1	1	1	1	0	0	117	0	63954	0	9573	9637	0	0	17402	66	426	435	NORM	ACT	1	0
20131204-071646	15509	990244	4499516	1756638	2742878	1419952	19851	0	1	0	0	0	0	0	0	1	1	1	1	1	1	0	0	117	0	63944	0	9637	9573	0	0	17406	66	417	435	NORM	ACT	1	0
20131204-071648	15509	990244	4499516	1756638	2742878	1419952	19851	0	1	0	0	0	0	0	0	1	1	1	1	1	1	0	0	117	0	63954	0	9573	9573	0	0	17401	66	417	435	NORM	ACT	1	0
20131204-071652	15509	990244	4499516	1756638	2742878	1419952	19851	0	1	0	0	0	0	0	0	1	1	1	1	1	1	0	0	117	0	63954	0	9509	9573	0	0	17420	62	382	399	NORM	ACT	1	0
20131204-071654	15509	990244	4499516	1756638	2742878	1419952	19851	0	1	0	0	0	0	0	0	1	1	1	1	1	1	0	0	117	0	63965	0	9573	9573	0	0	17435	55	355	364	NORM	ACT	1	0
20131204-071658	15509	990244	4499516	1756638	2742878	1419952	19851	0	1	0	0	0	0	0	0	1	1	1	1	1	1	0	0	117	0	63954	0	9509	9509	0	0	17390	47	293	319	NORM	ACT	1	0
20131204-071700	15509	990244	4499516	1756638	2742878	1419952	19851	0	1	0	0	0	0	0	0	1	1	1	1	1	1	0	0	117	0	63965	0	9573	9573	0	0	17399	45	293	311	NORM	ACT	1	0
20131204-071702	15509	990244	4499516	1756638	2742878	1419952	19851	0	1	0	0	0	0	0	0	1	1	1	1	1	1	0	0	117	0	63954	0	9573	9573	0	0	17406	45	293	311	NORM	ACT	1	0
20131204-071706	15509	990244	4499516	1756638	2742878	1419952	19851	0	1	0	0	0	0	0	0	1	1	1	1	1	1	0	0	117	0	63965	0	9573	9573	0	0	17454	52	337	346	NORM	ACT	1	0
20131204-071708	15509	990244	4499516	1756638	2742878	1419952	19851	0	1	0	0	0	0	0	0	1	1	1	1	1	1	0	0	117	0	63954	0	9573	9573	0	0	17454	51	337	355	NORM	ACT	1	0
20131204-071710	15509	990244	4499516	1756638	2742878	1419952	19851	0	1	0	0	0	0	0	0	1	1	1	1	1	1	0	0	117	0	63965	0	9509	9573	0	0	17463	52	337	355	NORM	ACT	1	0
20131204-071712	15509	990244	4499516	1756638	2742878	1419952	19851	0	1	0	0	0	0	0	0	1	1	1	1	1	1	0	0	117	0	63954	0	9573	9573	0	0	17463	51	328	346	NORM	ACT	1	0
20131204-071714	15509	990244	4499516	1756638	2742878	1419952	19851	0	1	0	0	0	0	0	0	1	1	1	1	1	1	0	0	117	0	63954	0	9573	9573	0	0	17444	47	311	328	NORM	ACT	1	0
20131204-071716	15509	990244	4499516	1756638	2742878	1419952	19851	0	1	0	0	0	0	0	0	1	1	1	1	1	1	0	0	117	0	63965	0	9573	9573	0	0	17454	51	346	355	NORM	ACT	1	0
20131204-071720	15509	990244	4499516	1756638	2742878	1419952	19851	0	1	0	0	0	0	0	0	1	1	1	1	1	1	0	0	117	0	63954	0	9509	9509	0	0	17472	54	346	355	NORM	ACT	1	0
20131204-071722	15509	990244	4499516	1756638	2742878	1419952	19851	0	1	0	0	0	0	0	0	1	1	1	1	1	1	0	0	117	0	63954	0	9509	9509	0	0	17489	49	302	328	NORM	ACT	1	0
20131204-071724	15509	990244	4499516	1756638	2742878	1419952	19851	0	1	0	0	0	0	0	0	1	1	1	1	1	1	0	0	117	0	63954	0	9573	9573	0	0	17465	46	302	319	NORM	ACT	1	0
20131204-071728	15509	990244	4499516	1756638	2742878	1419952	19851	0	1	0	0	0	0	0	0	1	1	1	1	1	1	0	0	117	0	63965	0	9509	9509	0	0	17436	44	284	293	NORM	ACT	1	0
20131204-071730	15509	990244	4499516	1756638	2742878	1419952	19851	0	1	0	0	0	0	0	0	1	1	1	1	1	1	0	0	117	0	63954	0	9573	9573	0	0	17431	43	275	293	NORM	ACT	1	0
20131204-071734	15509	990244	4499518	1756638	2742880	1419952	19851	0	1	0	0	0	0	0	0	1	1	1	1	1	1	0	0	117	0	63954	0	9573	9573	0	0	17484	32	204	213	NORM	ACT	1	0
20131204-071736	15509	990244	4499518	1756638	2742880	1419952	19851	0	1	0	0	0	0	0	0	1	1	1	1	1	1	0	0	117	0	63954	0	9509	9509	0	0	17475	32	195	213	NORM	ACT	1	0
20131204-071738	15509	990244	4499518	1756638	2742880	1419952	19851	0	1	0	0	0	0	0	0	1	1	1	1	1	1	0	0	117	0	63965	0	9509	9509	0	0	17431	32	204	213	NORM	ACT	1	0
20131204-071740	15509	990244	4499518	1756638	2742880	1419952	19851	0	1	0	0	0	0	0	0	1	1	1	1	1	1	0	0	117	0	63965	0	9573	9573	0	0	17453	31	204	213	NORM	ACT	1	0
20131204-071744	15509	990244	4499518	1756638	2742880	1419952	19852	0	1	0	0	0	0	0	0	1	1	1	1	1	1	0	0	117	0	63965	0	9509	9573	0	0	17531	31	195	213	NORM	ACT	1	0
20131204-071748	15509	990244	4499518	1756638	2742880	1419952	19852	0	1	0	0	0	0	0	0	1	1	1	1	1	1	0	0	117	0	63965	0	9509	9509	0	0	17548	30	195	213	NORM	ACT	1	0
20131204-071750	15509	990244	4499518	1756638	2742880	1419952	19852	0	1	0	0	0	0	0	0	1	1	1	1	1	1	0	0	117	0	63965	0	9573	9573	0	0	17560	30	186	213	NORM	ACT	1	0
20131204-071752	15509	990244	4499518	1756638	2742880	1419952	19852	0	1	0	0	0	0	0	0	1	1	1	1	1	1	0	0	117	0	63954	0	9509	9509	0	0	17545	27	159	195	NORM	ACT	1	0
20131204-071756	15509	990244	4499518	1756638	2742880	1419952	19852	0	1	0	0	0	0	0	0	1	1	1	1	1	1	0	0	117	0	63954	0	9573	9509	0	0	17541	25	159	177	NORM	ACT	1	0
20131204-071758	15509	990244	4499518	1756638	2742880	1419952	19852	0	1	0	0	0	0	0	0	1	1	1	1	1	1	0	0	117	0	63965	0	9509	9509	0	0	17534	25	168	177	NORM	ACT	1	0
20131204-071801	15509	990244	4499518	1756638	2742880	1419952	19852	0	1	0	0	0	0	0	0	1	1	1	1	1	1	0	0	117	0	63965	0	9509	9509	0	0	17516	24	159	177	NORM	ACT	1	0
20131204-071803	15509	990244	4499518	1756638	2742880	1419952	19852	0	1	0	0	0	0	0	0	1	1	1	1	1	1	0	0	117	0	63965	0	9573	9573	0	0	17519	32	231	239	NORM	ACT	1	0
20131204-071805	15509	990244	4499518	1756638	2742880	1419952	19852	0	1	0	0	0	0	0	0	1	1	1	1	1	1	0	0	117	0	63965	0	9509	9509	0	0	17532	44	284	302	NORM	ACT	1	0
20131204-071809	15509	990244	4499518	1756638	2742880	1419952	19852	0	1	0	0	0	0	0	0	1	1	1	1	1	1	0	0	117	0	63954	0	9573	9573	0	0	17532	45	293	311	NORM	ACT	1	0
20131204-071813	15509	990244	4499518	1756638	2742880	1419952	19852	0	1	0	0	0	0	0	0	1	1	1	1	1	1	0	0	117	0	63965	0	9573	9573	0	0	17519	42	266	284	NORM	ACT	1	0
20131204-071958	15509	990244	4499519	1756638	2742881	1419952	19852	0	1	0	0	0	0	0	0	1	1	1	1	1	1	0	0	117	0	63954	0	9573	9573	0	0	17539	24	159	177	NORM	ACT	1	0
20131204-072001	15509	990244	4499519	1756638	2742881	1419952	19852	0	1	0	0	0	0	0	0	1	1	1	1	1	1	0	0	117	0	63954	0	9573	9509	0	0	17541	24	168	177	NORM	ACT	1	0
20131204-072012	15509	990244	4499519	1756638	2742881	1419952	19852	0	1	0	0	0	0	0	0	1	1	1	1	1	1	0	0	117	0	63954	0	9573	9573	0	0	17513	29	213	231	NORM	ACT	1	0
20131204-072014	15509	990244	4499519	1756638	2742881	1419952	19852	0	1	0	0	0	0	0	0	1	1	1	1	1	1	0	0	117	0	63954	0	9573	9509	0	0	17478	41	275	293	NORM	ACT	1	0
20131204-072016	15509	990244	4499519	1756638	2742881	1419952	19852	0	1	0	0	0	0	0	0	1	1	1	1	1	1	0	0	117	0	63975	0	9444	9509	0	0	17451	47	319	319	NORM	ACT	1	0
20131204-072018	15509	990244	4499519	1756638	2742881	1419952	19852	0	1	0	0	0	0	0	0	1	1	1	1	1	1	0	0	117	0	63965	0	9573	9573	0	0	17478	51	337	346	NORM	ACT	1	0
20131204-072020	15509	990244	4499519	1756638	2742881	1419952	19852	0	1	0	0	0	0	0	0	1	1	1	1	1	1	0	0	117	0	63965	0	9509	9509	0	0	17469	51	328	355	NORM	ACT	1	0
20131204-072357	15509	990244	4499525	1756638	2742887	1419952	19852	0	1	0	0	0	0	0	0	1	1	1	1	1	1	0	0	117	0	63975	0	9444	9509	0	0	17561	13	124	133	NORM	ACT	1	0
20131204-072401	15509	990244	4499525	1756638	2742887	1419952	19852	0	1	0	0	0	0	0	0	1	1	1	1	1	1	0	0	117	0	63965	0	9509	9509	0	0	17484	2	88	97	NORM	ACT	1	0
20131204-072403	15509	990244	4499525	1756638	2742887	1419952	19852	0	1	0	0	0	0	0	0	1	1	1	1	1	1	0	0	117	0	63975	0	9444	9444	0	0	17468	20	151	168	NORM	ACT	1	0
20131204-072405	15509	990244	4499525	1756638	2742887	1419952	19852	0	1	0	0	0	0	0	0	1	1	1	1	1	1	0	0	117	0	63975	0	9509	9509	0	0	17421	22	151	168	NORM	ACT	1	0
20131204-072407	15509	990244	4499525	1756638	2742887	1419952	19852	0	1	0	0	0	0	0	0	1	1	1	1	1	1	0	0	117	0	63965	0	9509	9509	0	0	17426	23	151	168	NORM	ACT	1	0
20131204-072410	15509	990244	4499525	1756638	2742887	1419952	19852	0	1	0	0	0	0	0	0	1	1	1	1	1	1	0	0	117	0	63965	0	9509	9573	0	0	17405	23	159	168	NORM	ACT	1	0
20131204-072412	15509	990244	4499525	1756638	2742887	1419952	19852	0	1	0	0	0	0	0	0	1	1	1	1	1	1	0	0	117	0	63975	0	9573	9573	0	0	17390	22	151	168	NORM	ACT	1	0
20131204-072414	15509	990244	4499525	1756638	2742887	1419952	19852	0	1	0	0	0	0	0	0	1	1	1	1	1	1	0	0	117	0	63954	0	9509	9509	0	0	17394	22	151	168	NORM	ACT	1	0
20131204-072416	15509	990244	4499525	1756638	2742887	1419952	19852	0	1	0	0	0	0	0	0	1	1	1	1	1	1	0	0	117	0	63975	0	9573	9573	0	0	17392	25	177	186	NORM	ACT	1	0
20131204-072418	15509	990244	4499525	1756638	2742887	1419952	19852	0	1	0	0	0	0	0	0	1	1	1	1	1	1	0	0	117	0	63954	0	9444	9444	0	0	17387	27	177	195	NORM	ACT	1	0
20131204-072420	15509	990244	4499525	1756638	2742887	1419952	19852	0	1	0	0	0	0	0	0	1	1	1	1	1	1	0	0	117	0	63954	0	9509	9509	0	0	17370	27	186	195	NORM	ACT	1	0
20131204-072422	15509	990244	4499525	1756638	2742887	1419952	19852	0	1	0	0	0	0	0	0	1	1	1	1	1	1	0	0	117	0	63965	0	9444	9444	0	0	17362	31	195	222	NORM	ACT	1	0
20131204-072426	15509	990244	4499525	1756638	2742887	1419952	19852	0	1	0	0	0	0	0	0	1	1	1	1	1	1	0	0	117	0	63965	0	9509	9509	0	0	17490	27	186	186	NORM	ACT	1	0
20131204-072430	15509	990244	4499525	1756638	2742887	1419952	19852	0	1	0	0	0	0	0	0	1	1	1	1	1	1	0	0	117	0	63965	0	9509	9509	0	0	17546	25	177	186	NORM	ACT	1	0
20131204-072432	15509	990244	4499525	1756638	2742887	1419952	19852	0	1	0	0	0	0	0	0	1	1	1	1	1	1	0	0	117	0	63965	0	9509	9509	0	0	17523	25	168	186	NORM	ACT	1	0
20131204-072434	15509	990244	4499526	1756638	2742888	1419952	19852	0	1	0	0	0	0	0	0	1	1	1	1	1	1	0	0	117	0	63965	0	9509	9509	0	0	17532	26	168	186	NORM	ACT	1	0
20131204-072436	15509	990244	4499526	1756638	2742888	1419952	19852	0	1	0	0	0	0	0	0	1	1	1	1	1	1	0	0	117	0	63965	0	9444	9444	0	0	17542	26	168	186	NORM	ACT	1	0
20131204-072438	15509	990244	4499526	1756638	2742888	1419952	19852	0	1	0	0	0	0	0	0	1	1	1	1	1	1	0	0	117	0	63965	0	9509	9509	0	0	17549	26	168	186	NORM	ACT	1	0
20131204-072440	15509	990244	4499526	1756638	2742888	1419952	19852	0	1	0	0	0	0	0	0	1	1	1	1	1	1	0	0	117	0	63965	0	9444	9444	0	0	17523	26	177	186	NORM	ACT	1	0
20131204-072554	15509	990244	4499526	1756638	2742888	1419952	19852	0	1	0	0	0	0	0	0	1	1	1	1	1	1	0	0	117	0	63975	0	9444	9444	0	0	17474	9	106	124	NORM	ACT	1	0
20131204-072556	15509	990244	4499526	1756638	2742888	1419952	19852	0	1	0	0	0	0	0	0	1	1	1	1	1	1	0	0	117	0	63975	0	9444	9444	0	0	17475	9	106	124	NORM	ACT	1	0
20131204-072600	15509	990244	4499526	1756638	2742888	1419952	19852	0	1	0	0	0	0	0	0	1	1	1	1	1	1	0	0	117	0	63975	0	9444	9444	0	0	17451	9	97	124	NORM	ACT	1	0
20131204-072604	15509	990244	4499526	1756638	2742888	1419952	19852	0	1	0	0	0	0	0	0	1	1	1	1	1	1	0	0	117	0	63965	0	9509	9509	0	0	17457	39	257	275	NORM	ACT	1	0
20131204-072606	15509	990244	4499526	1756638	2742888	1419952	19852	0	1	0	0	0	0	0	0	1	1	1	1	1	1	0	0	117	0	63965	0	9444	9444	0	0	17448	39	257	266	NORM	ACT	1	0
20131204-072608	15509	990244	4499526	1756638	2742888	1419952	19852	0	1	0	0	0	0	0	0	1	1	1	1	1	1	0	0	117	0	63975	0	9509	9509	0	0	17432	39	257	275	NORM	ACT	1	0
20131204-072610	15509	990244	4499526	1756638	2742888	1419952	19852	0	1	0	0	0	0	0	0	1	1	1	1	1	1	0	0	117	0	63965	0	9509	9444	0	0	17419	39	257	275	NORM	ACT	1	0
20131204-072613	15509	990244	4499526	1756638	2742888	1419952	19852	0	1	0	0	0	0	0	0	1	1	1	1	1	1	0	0	117	0	63965	0	9509	9444	0	0	17424	39	257	275	NORM	ACT	1	0
20131204-072615	15509	990244	4499526	1756638	2742888	1419952	19852	0	1	0	0	0	0	0	0	1	1	1	1	1	1	0	0	117	0	63975	0	9509	9509	0	0	17420	39	257	275	NORM	ACT	1	0
20131204-072619	15509	990244	4499526	1756638	2742888	1419952	19852	0	1	0	0	0	0	0	0	1	1	1	1	1	1	0	0	117	0	63975	0	9444	9444	0	0	17515	49	319	337	NORM	ACT	1	0
20131204-072624	15509	990244	4499526	1756638	2742888	1419952	19852	0	1	0	0	0	0	0	0	1	1	1	1	1	1	0	0	117	0	63965	0	9509	9509	0	0	17558	53	346	355	NORM	ACT	1	0
20131204-073942	15509	990244	4499570	1756644	2742926	1419957	19852	0	1	0	0	0	0	0	1	1	1	1	1	1	1	0	0	119	253	63950	0	9509	9509	0	0	17486	14	124	133	NORM	CH_E	3	0
20131204-073946	15509	990244	4499570	1756644	2742926	1419957	19852	0	1	0	0	0	0	0	1	1	1	1	1	1	1	0	0	119	253	63939	0	9509	9509	0	0	17475	15	124	133	NORM	CH_E	3	0
20131204-082409	15509	990244	4499945	1756756	2743189	1420000	19853	0	1	0	0	0	0	0	1	1	1	1	1	1	1	0	0	118	2443	63942	0	9573	9573	0	0	17304	50	328	337	NORM	CH_E	15	0
20131204-082412	15509	990244	4499945	1756756	2743189	1420000	19853	0	1	0	0	0	0	0	1	1	1	1	1	1	1	0	0	118	2443	63942	0	9573	9637	0	0	17310	49	328	337	NORM	CH_E	15	0
20131204-082414	15509	990244	4499945	1756756	2743189	1420000	19853	0	1	0	0	0	0	0	1	1	1	1	1	1	1	0	0	118	2443	63942	0	9573	9573	0	0	17319	50	319	337	NORM	CH_E	15	0
20131204-082416	15509	990244	4499945	1756756	2743189	1420000	19853	0	1	0	0	0	0	0	1	1	1	1	1	1	1	0	0	118	2443	63942	0	9573	9573	0	0	17310	50	328	337	NORM	CH_E	15	0
20131204-082418	15509	990244	4499945	1756756	2743189	1420000	19853	0	1	0	0	0	0	0	1	1	1	1	1	1	1	0	0	117	2443	63933	0	9637	9637	0	0	17313	50	328	337	NORM	CH_E	15	0
20131204-082420	15509	990244	4499945	1756756	2743189	1420000	19853	0	1	0	0	0	0	0	1	0	1	1	1	1	1	0	0	117	2443	63965	0	9573	9509	0	0	17313	51	337	346	NORM	FIM_M	15	0
20131204-082422	15509	990244	4499945	1756756	2743189	1420000	19853	0	1	0	0	0	0	0	1	0	1	1	1	1	1	0	0	117	2443	63965	0	9509	9509	0	0	17313	53	337	364	NORM	N_D	15	0
20131204-082424	15509	990244	4499945	1756756	2743189	1420000	19853	0	1	0	0	0	0	0	1	0	1	1	1	1	1	0	0	117	2443	63954	0	9573	9573	0	0	17313	53	337	355	NORM	N_D	0	0
20131204-082426	15509	990244	4499945	1756756	2743189	1420000	19853	0	1	0	0	0	0	0	1	0	1	1	1	1	1	0	0	117	2443	63954	0	9573	9573	0	0	17310	48	311	328	NORM	N_D	0	0
20131204-082428	15509	990244	4499945	1756756	2743189	1420000	19853	0	1	0	0	0	0	0	1	0	1	1	1	1	1	0	0	117	2443	63965	0	9509	9509	0	0	17313	40	248	275	NORM	N_D	0	0
20131204-082432	15509	990244	4499945	1756756	2743189	1420000	19853	0	1	0	0	0	0	0	1	0	1	1	1	1	1	0	0	117	2443	63965	0	9509	9444	0	0	17311	36	239	257	NORM	N_D	0	0
20131204-082436	15509	990244	4499945	1756756	2743189	1420000	19853	0	1	0	0	0	0	0	1	0	1	1	1	1	1	0	0	117	2443	63975	0	9444	9444	0	0	17314	36	231	248	NORM	N_D	0	0
20131204-082438	15509	990244	4499945	1756756	2743190	1420000	19853	0	1	0	0	0	0	0	1	0	1	1	1	1	1	0	0	117	2443	63986	0	9380	9380	0	0	17314	36	239	248	NORM	N_D	0	0
20131204-082440	15509	990244	4499946	1756756	2743190	1420000	19853	0	1	0	0	0	0	0	1	0	1	1	1	1	1	0	0	117	2443	63986	0	9380	9380	0	0	17310	36	231	248	NORM	N_D	0	0
20131204-082442	15509	990244	4499946	1756756	2743190	1420000	19853	0	1	0	0	0	0	0	1	0	1	1	1	1	1	0	0	117	2443	63986	0	9380	9380	0	0	17310	36	239	248	NORM	N_D	0	0
20131204-082446	15509	990244	4499946	1756756	2743190	1420000	19853	0	1	0	0	0	0	0	1	0	1	1	1	1	1	0	0	117	2443	63986	0	9380	9444	0	0	17307	36	239	248	NORM	N_D	0	0
20131204-082450	15509	990244	4499946	1756756	2743190	1420000	19853	0	1	0	0	0	0	0	1	0	1	1	1	1	1	0	0	117	2443	63965	0	9509	9509	0	0	17316	36	239	248	NORM	N_D	0	0
20131204-082454	15509	990244	4499946	1756756	2743190	1420000	19853	0	1	0	0	0	0	0	1	0	1	1	1	1	1	0	0	117	2443	63965	0	9509	9509	0	0	17310	25	159	177	NORM	N_D	0	0
20131204-082456	15509	990244	4499946	1756756	2743190	1420000	19853	0	1	0	0	0	0	0	1	0	1	1	1	1	1	0	0	117	2443	63965	0	9509	9509	0	0	17313	24	159	177	NORM	N_D	0	0
20131204-082500	15509	990244	4499946	1756756	2743190	1420000	19853	0	1	0	0	0	0	0	1	0	1	1	1	1	1	1	0	117	2443	63965	0	9573	9573	0	0	17319	0	8	26	OFF	N_D	0	0
#eof
