20131203-132930	15534	951137	4496411	1755468	2740943	1419515	19837	0	1	0	0	0	0	0	0	1	1	1	1	1	1	0	0	117	0	63954	0	9573	9509	0	0	17277	36	248	257	NORM_I	ACT	0	0
20131203-132932	15534	951137	4496411	1755468	2740943	1419515	19837	0	1	0	0	0	0	0	0	1	1	1	1	1	1	0	0	117	0	63954	0	9573	9573	0	0	17283	43	284	302	NORM	ACT	1	0
20131203-132934	15532	951137	4496411	1755468	2740943	1419515	19837	0	1	0	0	0	0	0	0	1	1	1	1	1	1	0	0	117	0	63954	0	9573	9573	0	0	17283	45	284	302	NORM	ACT	1	0
20131203-132936	15532	951137	4496411	1755468	2740943	1419515	19837	0	1	0	0	0	0	0	0	1	1	1	1	1	1	0	0	117	0	63944	0	9637	9637	0	0	17271	45	284	302	NORM	ACT	1	0
20131203-132938	15532	951137	4496411	1755468	2740943	1419515	19837	0	1	0	0	0	0	0	0	1	1	1	1	1	1	0	0	117	0	63922	0	9701	9701	0	0	17275	45	284	302	NORM	ACT	1	0
20131203-132940	15532	951137	4496411	1755468	2740943	1419515	19837	0	1	0	0	0	0	0	0	1	1	1	1	1	1	0	0	117	0	63933	0	9701	9701	0	0	17286	45	284	302	NORM	ACT	1	0
20131203-132942	15532	951137	4496411	1755468	2740943	1419515	19837	0	1	0	0	0	0	0	0	1	1	1	1	1	1	0	0	117	0	63933	0	9701	9701	0	0	17280	45	284	302	NORM	ACT	1	0
20131203-132944	15532	951137	4496411	1755468	2740943	1419515	19837	0	1	0	0	0	0	0	0	1	1	1	1	1	1	0	0	117	0	63933	0	9637	9637	0	0	17279	45	284	302	NORM	ACT	1	0
20131203-132948	15532	951137	4496411	1755468	2740943	1419515	19837	0	1	0	0	0	0	0	0	1	1	1	1	1	1	0	0	117	0	63933	0	9637	9637	0	0	17286	50	328	337	NORM	ACT	1	0
20131203-132952	15532	951137	4496411	1755468	2740943	1419515	19837	0	1	0	0	0	0	0	0	1	1	1	1	1	1	0	0	117	0	63933	0	9701	9701	0	0	17280	50	328	346	NORM	ACT	1	0
20131203-132956	15532	951137	4496411	1755468	2740943	1419515	19837	0	1	0	0	0	0	0	0	1	1	1	1	1	1	0	0	117	0	63933	0	9637	9701	0	0	17290	49	328	346	NORM	ACT	1	0
20131203-133000	15532	951137	4496411	1755468	2740943	1419515	19837	0	1	0	0	0	0	0	0	1	1	1	1	1	1	0	0	117	0	63933	0	9701	9573	0	0	17290	51	328	346	NORM	ACT	1	0
20131203-133002	15532	951137	4496411	1755468	2740943	1419515	19837	0	1	0	0	0	0	0	0	1	1	1	1	1	1	0	0	117	0	63944	0	9573	9637	0	0	17276	50	328	346	NORM	ACT	1	0
20131203-133004	15532	951137	4496411	1755468	2740943	1419515	19837	0	1	0	0	0	0	0	0	1	1	1	1	1	1	0	0	117	0	63954	0	9573	9573	0	0	17283	50	328	337	NORM	ACT	1	0
20131203-133006	15532	951137	4496411	1755468	2740943	1419515	19837	0	1	0	0	0	0	0	0	1	1	1	1	1	1	0	0	117	0	63944	0	9573	9573	0	0	17289	49	319	337	NORM	ACT	1	0
20131203-133010	15532	951137	4496411	1755468	2740943	1419515	19837	0	1	0	0	0	0	0	0	1	1	1	1	1	1	0	0	117	0	63965	0	9509	9509	0	0	17274	49	319	337	NORM	ACT	1	0
20131203-133012	15532	951137	4496411	1755468	2740943	1419515	19837	0	1	0	0	0	0	0	0	1	1	1	1	1	1	0	0	117	0	63965	0	9509	9509	0	0	17282	49	311	337	NORM	ACT	1	0
20131203-133016	15532	951137	4496411	1755468	2740943	1419515	19837	0	1	0	0	0	0	0	0	1	1	1	1	1	1	0	0	117	0	63975	0	9444	9444	0	0	17262	49	319	337	NORM	ACT	1	0
20131203-133020	15532	951137	4496413	1755468	2740945	1419515	19837	0	1	0	0	0	0	0	0	1	1	1	1	1	1	0	0	117	0	63975	0	9444	9444	0	0	17272	49	328	337	NORM	ACT	1	0
20131203-133022	15532	951137	4496413	1755468	2740945	1419515	19837	0	1	0	0	0	0	0	0	1	1	1	1	1	1	0	0	117	0	63975	0	9444	9444	0	0	17267	49	319	337	NORM	ACT	1	0
20131203-133024	15532	951137	4496413	1755468	2740945	1419515	19837	0	1	0	0	0	0	0	0	1	1	1	1	1	1	0	0	117	0	63975	0	9444	9380	0	0	17265	42	266	284	NORM	ACT	1	0
20131203-133026	15532	951137	4496413	1755468	2740945	1419515	19837	0	1	0	0	0	0	0	0	1	1	1	1	1	1	0	0	117	0	63986	0	9444	9444	0	0	17259	41	266	284	NORM	ACT	1	0
20131203-133028	15532	951137	4496413	1755468	2740945	1419515	19837	0	1	0	0	0	0	0	0	1	1	1	1	1	1	0	0	117	0	63975	0	9444	9444	0	0	17260	41	266	266	NORM	ACT	1	0
20131203-133030	15532	951137	4496413	1755468	2740945	1419515	19837	0	1	0	0	0	0	0	0	1	1	1	1	1	1	0	0	117	0	63975	0	9444	9444	0	0	17266	36	222	239	NORM	ACT	1	0
20131203-133034	15532	951137	4496413	1755468	2740945	1419515	19837	0	1	0	0	0	0	0	0	1	1	1	1	1	1	0	0	117	0	63986	0	9444	9444	0	0	17262	41	257	275	NORM	ACT	1	0
20131203-133038	15532	951137	4496413	1755468	2740945	1419515	19837	0	1	0	0	0	0	0	0	1	1	1	1	1	1	0	0	117	0	63975	0	9444	9444	0	0	17263	40	266	275	NORM	ACT	1	0
20131203-133040	15532	951137	4496413	1755468	2740945	1419515	19837	0	1	0	0	0	0	0	0	1	1	1	1	1	1	0	0	117	0	63986	0	9380	9444	0	0	17272	39	257	275	NORM	ACT	1	0
20131203-133042	15532	951137	4496413	1755468	2740945	1419515	19837	0	1	0	0	0	0	0	0	1	1	1	1	1	1	0	0	117	0	63975	0	9444	9380	0	0	17262	39	248	266	NORM	ACT	1	0
20131203-133044	15532	951137	4496413	1755468	2740945	1419515	19837	0	1	0	0	0	0	0	0	1	1	1	1	1	1	0	0	117	0	63986	0	9380	9380	0	0	17269	34	222	231	NORM	ACT	1	0
20131203-133046	15532	951137	4496413	1755468	2740945	1419515	19837	0	1	0	0	0	0	0	0	1	1	1	1	1	1	0	0	117	0	63986	0	9380	9380	0	0	17269	37	248	266	NORM	ACT	1	0
20131203-133050	15532	951137	4496413	1755468	2740945	1419515	19837	0	1	0	0	0	0	0	0	1	1	1	1	1	1	0	0	117	0	63986	0	9380	9380	0	0	17268	37	248	257	NORM	ACT	1	0
20131203-133055	15532	951137	4496413	1755468	2740945	1419515	19837	0	1	0	0	0	0	0	0	1	1	1	1	1	1	0	0	117	0	63986	0	9444	9444	0	0	17267	30	186	204	NORM	ACT	1	0
20131203-133059	15532	951137	4496413	1755468	2740945	1419515	19837	0	1	0	0	0	0	0	0	1	1	1	1	1	1	0	0	117	0	63996	0	9316	9444	0	0	17299	27	177	195	NORM	ACT	1	0
20131203-133101	15532	951137	4496413	1755468	2740945	1419515	19837	0	1	0	0	0	0	0	0	1	1	1	1	1	1	0	0	117	0	63975	0	9444	9444	0	0	17283	26	168	177	NORM	ACT	1	0
20131203-133103	15532	951137	4496413	1755468	2740945	1419515	19837	0	1	0	0	0	0	0	0	1	1	1	1	1	1	0	0	117	0	63975	0	9444	9380	0	0	17271	35	231	248	NORM	ACT	1	0
20131203-133105	15532	951137	4496413	1755468	2740945	1419515	19837	0	1	0	0	0	0	0	0	1	1	1	1	1	1	0	0	117	0	63986	0	9380	9380	0	0	17287	36	239	257	NORM	ACT	1	0
20131203-133107	15532	951137	4496413	1755468	2740945	1419515	19837	0	1	0	0	0	0	0	0	1	1	1	1	1	1	0	0	117	0	63975	0	9444	9444	0	0	17284	39	257	266	NORM	ACT	1	0
20131203-133109	15532	951137	4496413	1755468	2740945	1419515	19837	0	1	0	0	0	0	0	0	1	1	1	1	1	1	0	0	117	0	63986	0	9380	9380	0	0	17264	40	257	275	NORM	ACT	1	0
20131203-133113	15532	951137	4496413	1755468	2740945	1419515	19837	0	1	0	0	0	0	0	0	1	1	1	1	1	1	0	0	117	0	63975	0	9444	9444	0	0	17280	39	257	275	NORM	ACT	1	0
20131203-133117	15532	951137	4496413	1755468	2740945	1419515	19837	0	1	0	0	0	0	0	0	1	1	1	1	1	1	0	0	117	0	63975	0	9444	9444	0	0	17277	39	257	275	NORM	ACT	1	0
20131203-133121	15532	951137	4496414	1755468	2740946	1419515	19837	0	1	0	0	0	0	0	0	1	1	1	1	1	1	0	0	117	0	63975	0	9444	9444	0	0	17272	39	257	266	NORM	ACT	1	0
20131203-133123	15532	951137	4496414	1755468	2740946	1419515	19837	0	1	0	0	0	0	0	0	1	1	1	1	1	1	0	0	117	0	63975	0	9444	9444	0	0	17280	43	293	311	NORM	ACT	1	0
20131203-133125	15532	951137	4496414	1755468	2740946	1419515	19837	0	1	0	0	0	0	0	0	1	1	1	1	1	1	0	0	117	0	63975	0	9509	9444	0	0	17277	45	284	311	NORM	ACT	1	0
20131203-133127	15532	951137	4496414	1755468	2740946	1419515	19837	0	1	0	0	0	0	0	0	1	1	1	1	1	1	0	0	117	0	63965	0	9444	9444	0	0	17276	45	293	311	NORM	ACT	1	0
20131203-133129	15532	951137	4496414	1755468	2740946	1419515	19837	0	1	0	0	0	0	0	0	1	1	1	1	1	1	0	0	117	0	63975	0	9444	9509	0	0	17269	41	266	275	NORM	ACT	1	0
20131203-133131	15532	951137	4496414	1755468	2740946	1419515	19837	0	1	0	0	0	0	0	0	1	1	1	1	1	1	0	0	117	0	63975	0	9444	9444	0	0	17283	48	311	346	NORM	ACT	1	0
20131203-133133	15532	951137	4496414	1755468	2740946	1419515	19837	0	1	0	0	0	0	0	0	1	1	1	1	1	1	0	0	117	0	63975	0	9444	9444	0	0	17269	51	337	346	NORM	ACT	1	0
20131203-133137	15532	951137	4496414	1755468	2740946	1419515	19837	0	1	0	0	0	0	0	0	1	1	1	1	1	1	0	0	117	0	63975	0	9444	9444	0	0	17271	54	355	364	NORM	ACT	1	0
20131203-133141	15532	951137	4496414	1755468	2740946	1419515	19837	0	1	0	0	0	0	0	0	1	1	1	1	1	1	0	0	117	0	63975	0	9444	9444	0	0	17267	55	355	364	NORM	ACT	1	0
20131203-133143	15532	951137	4496414	1755468	2740946	1419515	19837	0	1	0	0	0	0	0	0	1	1	1	1	1	1	0	0	117	0	63975	0	9444	9444	0	0	17280	54	355	364	NORM	ACT	1	0
20131203-133145	15532	951137	4496414	1755468	2740946	1419515	19837	0	1	0	0	0	0	0	0	1	1	1	1	1	1	0	0	117	0	63975	0	9444	9444	0	0	17273	48	319	328	NORM	ACT	1	0
20131203-133147	15532	951137	4496414	1755468	2740946	1419515	19837	0	1	0	0	0	0	0	0	1	1	1	1	1	1	0	0	117	0	63975	0	9444	9444	0	0	17278	54	355	364	NORM	ACT	1	0
20131203-133149	15532	951137	4496414	1755468	2740946	1419515	19837	0	1	0	0	0	0	0	0	1	1	1	1	1	1	0	0	117	0	63975	0	9444	9444	0	0	17277	55	346	364	NORM	ACT	1	0
20131203-133151	15532	951137	4496414	1755468	2740946	1419515	19837	0	1	0	0	0	0	0	0	1	1	1	1	1	1	0	0	117	0	63975	0	9444	9444	0	0	17281	54	355	373	NORM	ACT	1	0
20131203-133153	15532	951137	4496414	1755468	2740946	1419515	19837	0	1	0	0	0	0	0	0	1	1	1	1	1	1	0	0	117	0	63975	0	9444	9444	0	0	17277	55	346	373	NORM	ACT	1	0
20131203-133155	15532	951137	4496414	1755468	2740946	1419515	19837	0	1	0	0	0	0	0	0	1	1	1	1	1	1	0	0	117	0	63975	0	9444	9444	0	0	17271	54	346	364	NORM	ACT	1	0
20131203-133159	15532	951137	4496414	1755468	2740946	1419515	19837	0	1	0	0	0	0	0	0	1	1	1	1	1	1	0	0	117	0	63975	0	9509	9509	0	0	17273	55	355	364	NORM	ACT	1	0
20131203-133203	15532	951137	4496414	1755468	2740946	1419515	19837	0	1	0	0	0	0	0	0	1	1	1	1	1	1	0	0	117	0	63975	0	9444	9444	0	0	17267	55	355	373	NORM	ACT	1	0
20131203-133205	15532	951137	4496414	1755468	2740946	1419515	19837	0	1	0	0	0	0	0	0	1	1	1	1	1	1	0	0	117	0	63975	0	9444	9444	0	0	17264	55	355	373	NORM	ACT	1	0
20131203-133207	15532	951137	4496414	1755468	2740946	1419515	19837	0	1	0	0	0	0	0	0	1	1	1	1	1	1	0	0	117	0	63965	0	9444	9444	0	0	17273	51	328	328	NORM	ACT	1	0
20131203-133209	15532	951137	4496414	1755468	2740946	1419515	19837	0	1	0	0	0	0	0	0	1	1	1	1	1	1	0	0	117	0	63975	0	9444	9444	0	0	17268	46	293	302	NORM	ACT	1	0
20131203-133212	15532	951137	4496414	1755468	2740946	1419515	19837	0	1	0	0	0	0	0	0	1	1	1	1	1	1	0	0	117	0	63975	0	9444	9444	0	0	17265	45	284	302	NORM	ACT	1	0
20131203-133214	15532	951137	4496414	1755468	2740946	1419515	19837	0	1	0	0	0	0	0	0	1	1	1	1	1	1	0	0	117	0	63975	0	9444	9444	0	0	17273	43	275	275	NORM	ACT	1	0
20131203-133216	15532	951137	4496414	1755468	2740946	1419515	19837	0	1	0	0	0	0	0	0	1	1	1	1	1	1	0	0	117	0	63975	0	9444	9444	0	0	17274	37	248	239	NORM	ACT	1	0
20131203-133218	15532	951137	4496414	1755468	2740946	1419515	19837	0	1	0	0	0	0	0	0	1	1	1	1	1	1	0	0	117	0	63975	0	9444	9444	0	0	17274	36	222	231	NORM	ACT	1	0
20131203-133220	15532	951137	4496415	1755468	2740947	1419515	19837	0	1	0	0	0	0	0	0	1	1	1	1	1	1	0	0	117	0	63975	0	9444	9444	0	0	17273	31	204	204	NORM	ACT	1	0
20131203-133224	15532	951137	4496415	1755468	2740947	1419515	19837	0	1	0	0	0	0	0	0	1	1	1	1	1	1	0	0	117	0	63975	0	9509	9509	0	0	17263	35	222	239	NORM	ACT	1	0
20131203-133228	15532	951137	4496415	1755468	2740947	1419515	19837	0	1	0	0	0	0	0	0	1	1	1	1	1	1	0	0	117	0	63975	0	9444	9444	0	0	17271	36	222	231	NORM	ACT	1	0
20131203-133232	15532	951137	4496415	1755468	2740947	1419515	19837	0	1	0	0	0	0	0	0	1	1	1	1	1	1	0	0	117	0	63975	0	9444	9444	0	0	17253	46	293	311	NORM	ACT	1	0
20131203-133234	15532	951137	4496415	1755468	2740947	1419515	19837	0	1	0	0	0	0	0	0	1	1	1	1	1	1	0	0	117	0	63975	0	9444	9444	0	0	17257	46	302	311	NORM	ACT	1	0
20131203-133236	15532	951137	4496415	1755468	2740947	1419515	19837	0	1	0	0	0	0	0	0	1	1	1	1	1	1	0	0	117	0	63975	0	9444	9444	0	0	17254	46	302	319	NORM	ACT	1	0
20131203-133240	15532	951137	4496415	1755468	2740947	1419515	19837	0	1	0	0	0	0	0	0	1	1	1	1	1	1	0	0	117	0	63975	0	9444	9444	0	0	17256	46	293	311	NORM	ACT	1	0
20131203-133242	15532	951137	4496415	1755468	2740947	1419515	19837	0	1	0	0	0	0	0	0	1	1	1	1	1	1	0	0	117	0	63975	0	9444	9444	0	0	17250	46	293	311	NORM	ACT	1	0
20131203-133246	15532	951137	4496415	1755468	2740947	1419515	19837	0	1	0	0	0	0	0	0	1	1	1	1	1	1	0	0	117	0	63975	0	9444	9444	0	0	17247	45	293	319	NORM	ACT	1	0
20131203-133250	15532	951137	4496415	1755468	2740947	1419515	19837	0	1	0	0	0	0	0	0	1	1	1	1	1	1	0	0	117	0	63975	0	9444	9444	0	0	17246	48	311	328	NORM	ACT	1	0
20131203-133254	15532	951137	4496415	1755468	2740947	1419515	19837	0	1	0	0	0	0	0	0	1	1	1	1	1	1	0	0	117	0	63975	0	9444	9444	0	0	17255	48	311	328	NORM	ACT	1	0
20131203-133256	15532	951137	4496415	1755468	2740947	1419515	19837	0	1	0	0	0	0	0	0	1	1	1	1	1	1	0	0	117	0	63975	0	9444	9444	0	0	17248	48	311	319	NORM	ACT	1	0
20131203-133300	15532	951137	4496415	1755468	2740947	1419515	19837	0	1	0	0	0	0	0	0	1	1	1	1	1	1	0	0	117	0	63975	0	9444	9444	0	0	17246	47	311	311	NORM	ACT	1	0
20131203-133302	15532	951137	4496415	1755468	2740947	1419515	19837	0	1	0	0	0	0	0	0	1	1	1	1	1	1	0	0	117	0	63975	0	9444	9444	0	0	17247	48	302	337	NORM	ACT	1	0
20131203-133304	15532	951137	4496415	1755468	2740947	1419515	19837	0	1	0	0	0	0	0	0	1	1	1	1	1	1	0	0	117	0	63975	0	9444	9444	0	0	17248	46	293	311	NORM	ACT	1	0
20131203-133306	15532	951137	4496415	1755468	2740947	1419515	19837	0	1	0	0	0	0	0	0	1	1	1	1	1	1	0	0	117	0	63975	0	9444	9444	0	0	17243	42	275	284	NORM	ACT	1	0
20131203-133310	15532	951137	4496415	1755468	2740947	1419515	19837	0	1	0	0	0	0	0	0	1	1	1	1	1	1	0	0	117	0	63975	0	9444	9444	0	0	17248	39	257	275	NORM	ACT	1	0
20131203-133314	15532	951137	4496415	1755468	2740947	1419515	19837	0	1	0	0	0	0	0	0	1	1	1	1	1	1	0	0	117	0	63975	0	9444	9444	0	0	17265	39	257	266	NORM	ACT	1	0
20131203-133318	15532	951137	4496415	1755468	2740947	1419515	19837	0	1	0	0	0	0	0	0	1	1	1	1	1	1	0	0	117	0	63975	0	9444	9444	0	0	17258	36	239	257	NORM	ACT	1	0
20131203-133320	15532	951137	4496416	1755468	2740948	1419515	19837	0	1	0	0	0	0	0	0	1	1	1	1	1	1	0	0	117	0	63975	0	9444	9444	0	0	17259	33	213	222	NORM	ACT	1	0
20131203-133322	15532	951137	4496416	1755468	2740948	1419515	19837	0	1	0	0	0	0	0	0	1	1	1	1	1	1	0	0	117	0	63975	0	9444	9444	0	0	17256	33	213	231	NORM	ACT	1	0
20131203-133326	15532	951137	4496416	1755468	2740948	1419515	19837	0	1	0	0	0	0	0	0	1	1	1	1	1	1	0	0	117	0	63975	0	9444	9444	0	0	17262	35	222	231	NORM	ACT	1	0
20131203-133328	15532	951137	4496416	1755468	2740948	1419515	19837	0	1	0	0	0	0	0	0	1	1	1	1	1	1	0	0	117	0	63975	0	9444	9444	0	0	17271	35	222	222	NORM	ACT	1	0
20131203-133332	15532	951137	4496416	1755468	2740948	1419515	19837	0	1	0	0	0	0	0	0	1	1	1	1	1	1	0	0	117	0	63975	0	9444	9444	0	0	17279	28	186	204	NORM	ACT	1	0
20131203-133336	15532	951137	4496416	1755468	2740948	1419515	19837	0	1	0	0	0	0	0	0	1	1	1	1	1	1	0	0	117	0	63975	0	9380	9380	0	0	17273	32	204	222	NORM	ACT	1	0
20131203-133338	15532	951137	4496416	1755468	2740948	1419515	19837	0	1	0	0	0	0	0	0	1	1	1	1	1	1	0	0	117	0	63975	0	9444	9444	0	0	17272	31	204	213	NORM	ACT	1	0
20131203-133340	15532	951137	4496416	1755468	2740948	1419515	19837	0	1	0	0	0	0	0	0	1	1	1	1	1	1	0	0	117	0	63975	0	9444	9444	0	0	17277	32	204	213	NORM	ACT	1	0
20131203-133344	15532	951137	4496416	1755468	2740948	1419515	19837	0	1	0	0	0	0	0	0	1	1	1	1	1	1	0	0	117	0	63975	0	9444	9444	0	0	17275	32	204	222	NORM	ACT	1	0
20131203-133347	15532	951137	4496416	1755468	2740948	1419515	19837	0	1	0	0	0	0	0	0	1	1	1	1	1	1	0	0	117	0	63975	0	9509	9509	0	0	17272	27	177	195	NORM	ACT	1	0
20131203-133349	15532	951137	4496416	1755468	2740948	1419515	19837	0	1	0	0	0	0	0	0	1	1	1	1	1	1	0	0	117	0	63965	0	9509	9509	0	0	17278	26	177	195	NORM	ACT	1	0
20131203-133351	15532	951137	4496416	1755468	2740948	1419515	19837	0	1	0	0	0	0	0	0	1	1	1	1	1	1	0	0	117	0	63965	0	9509	9444	0	0	17275	27	177	195	NORM	ACT	1	0
20131203-133353	15532	951137	4496416	1755468	2740948	1419515	19837	0	1	0	0	0	0	0	0	1	1	1	1	1	1	0	0	117	0	63965	0	9509	9509	0	0	17271	27	177	186	NORM	ACT	1	0
20131203-133357	15532	951137	4496416	1755468	2740948	1419515	19837	0	1	0	0	0	0	0	0	1	1	1	1	1	1	0	0	117	0	63965	0	9509	9509	0	0	17266	22	142	159	NORM	ACT	1	0
20131203-133401	15532	951137	4496416	1755468	2740948	1419515	19837	0	1	0	0	0	0	0	0	1	1	1	1	1	1	0	0	117	0	63965	0	9444	9444	0	0	17260	24	151	168	NORM	ACT	1	0
20131203-133405	15532	951137	4496416	1755468	2740948	1419515	19837	0	1	0	0	0	0	0	0	1	1	1	1	1	1	0	0	117	0	63965	0	9509	9509	0	0	17271	24	159	177	NORM	ACT	1	0
20131203-133409	15532	951137	4496416	1755468	2740948	1419515	19837	0	1	0	0	0	0	0	0	1	1	1	1	1	1	0	0	118	0	63963	0	9444	9444	0	0	17269	25	168	177	NORM	ACT	1	0
20131203-133411	15532	951137	4496416	1755468	2740948	1419515	19837	0	1	0	0	0	0	0	0	1	1	1	1	1	1	0	0	118	0	63963	0	9444	9444	0	0	17274	25	168	177	NORM	ACT	1	0
20131203-133413	15532	951137	4496416	1755468	2740948	1419515	19837	0	1	0	0	0	0	0	0	1	1	1	1	1	1	0	0	118	0	63963	0	9444	9444	0	0	17262	25	168	177	NORM	ACT	1	0
20131203-133417	15532	951137	4496416	1755468	2740948	1419515	19837	0	1	0	0	0	0	0	0	1	1	1	1	1	1	0	0	118	0	63963	0	9509	9509	0	0	17264	33	204	222	NORM	ACT	1	0
20131203-133421	15532	951137	4496417	1755468	2740949	1419515	19837	0	1	0	0	0	0	0	0	1	1	1	1	1	1	0	0	118	0	63963	0	9444	9444	0	0	17261	33	213	222	NORM	ACT	1	0
20131203-133423	15532	951137	4496417	1755468	2740949	1419515	19837	0	1	0	0	0	0	0	0	1	1	1	1	1	1	0	0	118	0	63963	0	9509	9444	0	0	17257	36	248	257	NORM	ACT	1	0
20131203-133427	15532	951137	4496417	1755468	2740949	1419515	19837	0	1	0	0	0	0	0	0	1	1	1	1	1	1	0	0	118	0	63963	0	9444	9444	0	0	17265	37	248	257	NORM	ACT	1	0
20131203-133429	15532	951137	4496417	1755468	2740949	1419515	19837	0	1	0	0	0	0	0	0	1	1	1	1	1	1	0	0	118	0	63963	0	9444	9444	0	0	17265	37	248	257	NORM	ACT	1	0
20131203-133431	15532	951137	4496417	1755468	2740949	1419515	19837	0	1	0	0	0	0	0	0	1	1	1	1	1	1	0	0	118	0	63952	0	9444	9444	0	0	17262	39	257	266	NORM	ACT	1	0
20131203-133433	15532	951137	4496417	1755468	2740949	1419515	19837	0	1	0	0	0	0	0	0	1	1	1	1	1	1	0	0	118	0	63963	0	9444	9444	0	0	17267	43	275	284	NORM	ACT	1	0
20131203-133437	15532	951137	4496417	1755468	2740949	1419515	19837	0	1	0	0	0	0	0	0	1	1	1	1	1	1	0	0	118	0	63963	0	9444	9444	0	0	17271	43	266	284	NORM	ACT	1	0
20131203-133439	15532	951137	4496417	1755468	2740949	1419515	19837	0	1	0	0	0	0	0	0	1	1	1	1	1	1	0	0	118	0	63963	0	9444	9444	0	0	17265	43	275	284	NORM	ACT	1	0
20131203-133441	15532	951137	4496417	1755468	2740949	1419515	19837	0	1	0	0	0	0	0	0	1	1	1	1	1	1	0	0	118	0	63963	0	9444	9444	0	0	17265	43	275	293	NORM	ACT	1	0
20131203-133445	15532	951137	4496417	1755468	2740949	1419515	19837	0	1	0	0	0	0	0	0	1	1	1	1	1	1	0	0	118	0	63952	0	9509	9444	0	0	17268	43	275	284	NORM	ACT	1	0
20131203-133449	15532	951137	4496417	1755468	2740949	1419515	19837	0	1	0	0	0	0	0	0	1	1	1	1	1	1	0	0	118	0	63963	0	9444	9444	0	0	17252	43	266	293	NORM	ACT	1	0
20131203-133453	15532	951137	4496417	1755468	2740949	1419515	19837	0	1	0	0	0	0	0	0	1	1	1	1	1	1	0	0	118	0	63963	0	9444	9444	0	0	17253	42	275	284	NORM	ACT	1	0
20131203-133457	15532	951137	4496417	1755468	2740949	1419515	19837	0	1	0	0	0	0	0	0	1	1	1	1	1	1	0	0	117	0	63965	0	9509	9509	0	0	17262	33	204	231	NORM	ACT	1	0
20131203-133459	15532	951137	4496417	1755468	2740949	1419515	19837	0	1	0	0	0	0	0	0	1	1	1	1	1	1	0	0	117	0	63965	0	9509	9509	0	0	17262	33	213	222	NORM	ACT	1	0
20131203-133501	15532	951137	4496417	1755468	2740949	1419515	19837	0	1	0	0	0	0	0	0	1	1	1	1	1	1	0	0	117	0	63965	0	9444	9444	0	0	17255	39	257	275	NORM	ACT	1	0
20131203-133503	15532	951137	4496417	1755468	2740949	1419515	19837	0	1	0	0	0	0	0	0	1	1	1	1	1	1	0	0	117	0	63965	0	9509	9509	0	0	17260	45	284	302	NORM	ACT	1	0
20131203-133507	15532	951137	4496417	1755468	2740949	1419515	19837	0	1	0	0	0	0	0	0	1	1	1	1	1	1	0	0	118	0	63963	0	9509	9509	0	0	17261	45	284	302	NORM	ACT	1	0
20131203-133509	15532	951137	4496417	1755468	2740949	1419515	19837	0	1	0	0	0	0	0	0	1	1	1	1	1	1	0	0	118	0	63952	0	9444	9444	0	0	17250	45	284	302	NORM	ACT	1	0
20131203-133511	15532	951137	4496417	1755468	2740949	1419515	19837	0	1	0	0	0	0	0	0	1	1	1	1	1	1	0	0	118	0	63963	0	9444	9444	0	0	17255	45	284	302	NORM	ACT	1	0
20131203-133515	15532	951137	4496417	1755468	2740949	1419515	19837	0	1	0	0	0	0	0	0	1	1	1	1	1	1	0	0	118	0	63952	0	9509	9509	0	0	17250	44	284	293	NORM	ACT	1	0
20131203-133518	15532	951137	4496417	1755468	2740949	1419515	19837	0	1	0	0	0	0	0	0	1	1	1	1	1	1	0	0	118	0	63952	0	9509	9509	0	0	17246	41	257	266	NORM	ACT	1	0
20131203-133520	15532	951137	4496418	1755468	2740950	1419515	19837	0	1	0	0	0	0	0	0	1	1	1	1	1	1	0	0	117	0	63965	0	9509	9509	0	0	17252	36	239	257	NORM	ACT	1	0
20131203-133522	15532	951137	4496418	1755468	2740950	1419515	19837	0	1	0	0	0	0	0	0	1	1	1	1	1	1	0	0	118	0	63952	0	9509	9444	0	0	17234	38	248	275	NORM	ACT	1	0
20131203-133524	15532	951137	4496418	1755468	2740950	1419515	19837	0	1	0	0	0	0	0	0	1	1	1	1	1	1	0	0	118	0	63963	0	9509	9509	0	0	17246	39	257	257	NORM	ACT	1	0
20131203-133526	15532	951137	4496418	1755468	2740950	1419515	19837	0	1	0	0	0	0	0	0	1	1	1	1	1	1	0	0	118	0	63952	0	9444	9444	0	0	17247	41	266	284	NORM	ACT	1	0
20131203-133530	15532	951137	4496418	1755468	2740950	1419515	19837	0	1	0	0	0	0	0	0	1	1	1	1	1	1	0	0	118	0	63963	0	9509	9509	0	0	17243	43	275	293	NORM	ACT	1	0
20131203-133534	15532	951137	4496418	1755468	2740950	1419515	19837	0	1	0	0	0	0	0	0	1	1	1	1	1	1	0	0	118	0	63963	0	9444	9444	0	0	17237	44	275	293	NORM	ACT	1	0
20131203-142230	15532	951137	4496662	1755604	2741058	1419558	19838	0	1	0	0	0	0	0	1	1	1	1	1	1	1	0	0	132	2194	63908	0	8802	8673	0	0	17365	25	168	177	NORM	CH_E	13	0
20131203-142232	15532	951137	4496662	1755604	2741058	1419558	19838	0	1	0	0	0	0	0	1	1	1	1	1	1	1	0	0	132	2194	63932	0	8673	8673	0	0	17364	25	168	177	NORM	CH_E	13	0
20131203-142236	15532	951137	4496662	1755604	2741058	1419558	19838	0	1	0	0	0	0	0	1	1	1	1	1	1	1	0	0	132	2194	63932	0	8673	8673	0	0	17319	25	168	177	NORM	CH_E	13	0
20131203-142240	15532	951137	4496662	1755604	2741058	1419558	19838	0	1	0	0	0	0	0	1	1	1	1	1	1	0	0	0	132	2194	63932	0	8673	8673	0	0	17298	25	168	177	NORM	CH_E	13	0
20131203-143125	15532	951137	4496680	1755610	2741070	1419563	19838	0	1	0	0	0	0	0	1	0	1	1	1	1	1	0	0	124	2447	63955	0	9059	9059	0	0	17295	24	159	177	NORM	N_D	0	0
20131203-143129	15532	951137	4496680	1755610	2741070	1419563	19838	0	1	0	0	0	0	0	1	0	1	1	1	1	1	0	0	123	2447	63956	0	9123	9123	0	0	17263	28	186	204	NORM	N_D	0	0
20131203-143131	15532	951137	4496680	1755610	2741070	1419563	19838	0	1	0	0	0	0	0	1	0	1	1	1	1	1	0	0	123	2447	63956	0	9059	9059	0	0	17226	30	195	222	NORM	N_D	0	0
20131203-143135	15532	951137	4496680	1755610	2741070	1419563	19838	0	1	0	0	0	0	0	1	0	1	1	1	1	1	0	0	123	2447	63968	0	8995	8995	0	0	17210	33	204	222	NORM	N_D	0	0
20131203-143139	15532	951137	4496680	1755610	2741070	1419563	19838	0	1	0	0	0	0	0	1	0	1	1	1	1	1	0	0	122	2447	64001	0	8995	8995	0	0	17271	26	168	177	NORM	N_D	0	0
20131203-143143	15532	951137	4496680	1755610	2741070	1419563	19838	0	1	0	0	0	0	0	1	0	1	1	1	1	1	0	0	122	2447	64001	0	8930	8930	0	0	17278	25	168	177	NORM	N_D	0	0
20131203-143147	15532	951137	4496680	1755610	2741070	1419563	19838	0	1	0	0	0	0	0	1	0	1	1	1	1	1	0	0	122	2447	64001	0	8930	8995	0	0	17237	25	168	177	NORM	N_D	0	0
20131203-143149	15532	951137	4496680	1755610	2741070	1419563	19838	0	1	0	0	0	0	0	1	0	1	1	1	1	1	0	0	122	2447	64001	0	8930	8995	0	0	17244	25	168	177	NORM	N_D	0	0
20131203-143151	15532	951137	4496680	1755610	2741070	1419563	19838	0	1	0	0	0	0	0	1	0	1	1	1	1	1	0	0	122	2447	64001	0	8930	8930	0	0	17313	25	159	177	NORM	N_D	0	0
20131203-143153	15532	951137	4496680	1755610	2741070	1419563	19838	0	1	0	0	0	0	0	1	0	1	1	1	1	1	0	0	122	2447	63991	0	8995	8995	0	0	17265	25	168	177	NORM	N_D	0	0
20131203-143157	15532	951137	4496680	1755610	2741070	1419563	19838	0	1	0	0	0	0	0	1	0	1	1	1	1	1	0	0	122	2447	63969	0	9123	9123	0	0	17240	33	204	222	NORM	N_D	0	0
20131203-143201	15532	951137	4496680	1755610	2741070	1419563	19838	0	1	0	0	0	0	0	1	0	1	1	1	1	1	0	0	122	2447	63969	0	9123	9123	0	0	17263	32	204	213	NORM	N_D	0	0
20131203-143205	15532	951137	4496680	1755610	2741070	1419563	19838	0	1	0	0	0	0	0	1	0	1	1	1	1	1	0	0	122	2447	63957	0	9123	9123	0	0	17192	31	204	213	NORM	N_D	0	0
20131203-143208	15532	951137	4496680	1755610	2741070	1419563	19838	0	1	0	0	0	0	0	1	0	1	1	1	1	1	0	0	122	2447	63969	0	9123	9123	0	0	17198	27	186	195	NORM	N_D	0	0
20131203-143210	15532	951137	4496680	1755610	2741070	1419563	19838	0	1	0	0	0	0	0	1	0	1	1	1	1	1	0	0	122	2447	63969	0	9123	9123	0	0	17195	27	177	195	NORM	N_D	0	0
20131203-143212	15532	951137	4496680	1755610	2741070	1419563	19838	0	1	0	0	0	0	0	1	0	1	1	1	1	1	0	0	122	2447	63969	0	9123	9123	0	0	17164	27	177	195	NORM	N_D	0	0
20131203-143214	15532	951137	4496680	1755610	2741070	1419563	19838	0	1	0	0	0	0	0	1	0	1	1	1	1	1	0	0	121	2447	63980	0	9123	9123	0	0	17185	27	177	195	NORM	N_D	0	0
20131203-143216	15532	951137	4496680	1755610	2741070	1419563	19838	0	1	0	0	0	0	0	1	0	1	1	1	1	1	0	0	121	2447	63970	0	9187	9187	0	0	17206	27	177	195	NORM	N_D	0	0
20131203-143218	15532	951137	4496680	1755610	2741070	1419563	19838	0	1	0	0	0	0	0	1	0	1	1	1	1	1	0	0	121	2447	63980	0	9123	9123	0	0	17174	26	186	195	NORM	N_D	0	0
20131203-143220	15532	951137	4496680	1755610	2741070	1419563	19838	0	1	0	0	0	0	0	1	0	1	1	1	1	1	0	0	121	2447	63980	0	9123	9187	0	0	17153	26	177	195	NORM	N_D	0	0
20131203-143224	15532	951137	4496680	1755610	2741070	1419563	19838	0	1	0	0	0	0	0	1	0	1	1	1	1	1	0	0	121	2447	63970	0	9187	9187	0	0	17182	27	186	195	NORM	N_D	0	0
20131203-143228	15532	951137	4496681	1755610	2741071	1419563	19838	0	1	0	0	0	0	0	1	0	1	1	1	1	1	0	0	121	2447	63970	0	9187	9187	0	0	16990	31	204	213	NORM	N_D	0	0
20131203-143230	15532	951137	4496681	1755610	2741071	1419563	19838	0	1	0	0	0	0	0	1	0	1	1	1	1	1	0	0	121	2447	63970	0	9187	9187	0	0	17042	31	195	213	NORM	N_D	0	0
20131203-143232	15532	951137	4496681	1755610	2741071	1419563	19838	0	1	0	0	0	0	0	1	0	1	1	1	1	1	0	0	121	2447	63958	0	9187	9187	0	0	17197	36	222	231	NORM	N_D	0	0
20131203-143234	15532	951137	4496681	1755610	2741071	1419563	19838	0	1	0	0	0	0	0	1	0	1	1	1	1	1	0	0	121	2447	63970	0	9252	9252	0	0	17207	34	213	231	NORM	N_D	0	0
20131203-143236	15532	951137	4496681	1755610	2741071	1419563	19838	0	1	0	0	0	0	0	1	0	1	1	1	1	1	0	0	121	2447	63970	0	9187	9187	0	0	17210	35	213	231	NORM	N_D	0	0
20131203-143238	15532	951137	4496681	1755610	2741071	1419563	19838	0	1	0	0	0	0	0	1	0	1	1	1	1	1	0	0	121	2447	63970	0	9187	9187	0	0	17156	27	177	195	NORM	N_D	0	0
20131203-143240	15532	951137	4496681	1755610	2741071	1419563	19838	0	1	0	0	0	0	0	1	0	1	1	1	1	1	0	0	121	2447	63970	0	9187	9187	0	0	17179	24	159	159	NORM	N_D	0	0
20131203-143244	15532	951137	4496681	1755610	2741071	1419563	19838	0	1	0	0	0	0	0	1	0	1	1	1	1	1	0	0	121	2447	63970	0	9187	9187	0	0	17149	24	151	168	NORM	N_D	0	0
20131203-143248	15532	951137	4496681	1755610	2741071	1419563	19838	0	1	0	0	0	0	0	1	0	1	1	1	1	1	0	0	121	2447	63958	0	9252	9252	0	0	17129	27	177	195	NORM	N_D	0	0
20131203-143252	15532	951137	4496681	1755610	2741071	1419563	19838	0	1	0	0	0	0	0	1	0	1	1	1	1	1	0	0	121	2447	63970	0	9187	9187	0	0	17107	27	177	195	NORM	N_D	0	0
20131203-143254	15532	951137	4496681	1755610	2741071	1419563	19838	0	1	0	0	0	0	0	1	0	1	1	1	1	1	0	0	121	2447	63970	0	9187	9187	0	0	17099	29	195	222	NORM	N_D	0	0
20131203-143258	15532	951137	4496681	1755610	2741071	1419563	19838	0	1	0	0	0	0	0	1	0	1	1	1	1	1	0	0	121	2447	63958	0	9252	9187	0	0	17132	29	195	195	NORM	N_D	0	0
20131203-143302	15532	951137	4496681	1755610	2741071	1419563	19838	0	1	0	0	0	0	0	1	0	1	1	1	1	1	0	0	121	2447	63970	0	9187	9187	0	0	17185	27	186	195	NORM	N_D	0	0
20131203-143304	15532	951137	4496681	1755610	2741071	1419563	19838	0	1	0	0	0	0	0	1	0	1	1	1	1	1	0	0	121	2447	63970	0	9187	9187	0	0	17191	23	159	159	NORM	N_D	0	0
20131203-143306	15532	951137	4496681	1755610	2741071	1419563	19838	0	1	0	0	0	0	0	1	0	1	1	1	1	1	0	0	121	2447	63970	0	9187	9187	0	0	17177	21	151	159	NORM	N_D	0	0
20131203-143310	15532	951137	4496681	1755610	2741071	1419563	19838	0	1	0	0	0	0	0	1	0	1	1	1	1	1	0	0	121	2447	63970	0	9187	9187	0	0	17226	21	151	159	NORM	N_D	0	0
20131203-143314	15532	951137	4496681	1755610	2741071	1419563	19838	0	1	0	0	0	0	0	1	0	1	1	1	1	1	0	0	121	2447	63970	0	9187	9187	0	0	17136	22	151	168	NORM	N_D	0	0
20131203-143316	15532	951137	4496681	1755610	2741071	1419563	19838	0	1	0	0	0	0	0	1	0	1	1	1	1	1	0	0	121	2447	63970	0	9187	9187	0	0	17129	23	159	168	NORM	N_D	0	0
20131203-143320	15532	951137	4496681	1755610	2741071	1419563	19838	0	1	0	0	0	0	0	1	0	1	1	1	1	1	0	0	121	2447	63970	0	9187	9187	0	0	17162	22	151	159	NORM	N_D	0	0
20131203-143322	15532	951137	4496681	1755610	2741071	1419563	19838	0	1	0	0	0	0	0	1	0	1	1	1	1	1	0	0	121	2447	63958	0	9252	9187	0	0	17129	22	151	159	NORM	N_D	0	0
20131203-143326	15532	951137	4496681	1755610	2741071	1419563	19838	0	1	0	0	0	0	0	1	0	1	1	1	1	1	0	0	121	2447	63970	0	9252	9252	0	0	17204	22	151	177	NORM	N_D	0	0
20131203-143330	15532	951137	4496681	1755610	2741071	1419563	19838	0	1	0	0	0	0	0	1	0	1	1	1	1	1	0	0	121	2447	63970	0	9187	9187	0	0	17061	20	133	133	NORM	N_D	0	0
20131203-143334	15532	951137	4496681	1755610	2741071	1419563	19838	0	1	0	0	0	0	0	1	0	1	1	1	1	1	0	0	120	2447	63971	0	9187	9187	0	0	17108	10	106	115	NORM	N_D	0	0
20131203-143339	15532	951137	4496681	1755610	2741071	1419563	19838	0	1	0	0	0	0	0	1	0	1	1	1	1	1	0	0	120	2447	63981	0	9187	9187	0	0	17103	12	106	124	NORM	N_D	0	0
20131203-143343	15532	951137	4496681	1755610	2741071	1419563	19838	0	1	0	0	0	0	0	1	0	1	1	1	1	1	0	0	120	2447	63981	0	9187	9187	0	0	17097	10	106	115	NORM	N_D	0	0
20131203-143345	15532	951137	4496681	1755610	2741071	1419563	19838	0	1	0	0	0	0	0	1	0	1	1	1	1	1	0	0	120	2447	63981	0	9187	9187	0	0	17104	9	106	115	NORM	N_D	0	0
20131203-143347	15532	951137	4496681	1755610	2741071	1419563	19838	0	1	0	0	0	0	0	1	0	1	1	1	1	1	0	0	120	2447	63981	0	9187	9252	0	0	17230	9	106	124	NORM	N_D	0	0
20131203-143349	15532	951137	4496681	1755610	2741071	1419563	19838	0	1	0	0	0	0	0	1	0	1	1	1	1	1	0	0	120	2447	63981	0	9187	9187	0	0	17124	11	106	115	NORM	N_D	0	0
20131203-143351	15532	951137	4496681	1755610	2741071	1419563	19838	0	1	0	0	0	0	0	1	0	1	1	1	1	1	0	0	120	2447	63971	0	9252	9252	0	0	16871	12	106	115	NORM	N_D	0	0
20131203-143353	15532	951137	4496681	1755610	2741071	1419563	19838	0	1	0	0	0	0	0	1	0	1	1	1	1	1	0	0	120	2447	63981	0	9252	9252	0	0	16829	9	106	124	NORM	N_D	0	0
20131203-143357	15532	951137	4496681	1755610	2741071	1419563	19838	0	1	0	0	0	0	0	1	0	1	1	1	1	1	0	0	120	2447	63981	0	9187	9187	0	0	16728	0	71	79	NORM	N_D	0	0
20131203-143359	15532	951137	4496681	1755610	2741071	1419563	19838	0	1	0	0	0	0	0	1	0	1	1	1	1	1	0	0	120	2447	63971	0	9252	9252	0	0	16846	0	71	79	NORM	N_D	0	0
20131203-143403	15532	951137	4496681	1755610	2741071	1419563	19838	0	1	0	0	0	0	0	1	0	1	1	1	1	1	0	0	120	2447	63971	0	9252	9252	0	0	16778	0	71	79	NORM	N_D	0	0
20131203-143405	15532	951137	4496681	1755610	2741071	1419563	19838	0	1	0	0	0	0	0	1	0	1	1	1	1	1	0	0	120	2447	63971	0	9252	9187	0	0	16685	0	79	88	NORM	N_D	0	0
20131203-143407	15532	951137	4496681	1755610	2741071	1419563	19838	0	1	0	0	0	0	0	1	0	1	1	1	1	1	0	0	120	2447	63971	0	9252	9252	0	0	16726	0	71	79	NORM	N_D	0	0
20131203-143411	15532	951137	4496681	1755610	2741071	1419563	19838	0	1	0	0	0	0	0	1	0	1	1	1	1	1	0	0	120	2447	63971	0	9252	9252	0	0	16917	0	71	79	NORM	N_D	0	0
20131203-143413	15532	951137	4496681	1755610	2741071	1419563	19838	0	1	0	0	0	0	0	1	0	1	1	1	1	1	0	0	120	2447	63971	0	9252	9252	0	0	17082	0	71	79	NORM	N_D	0	0
20131203-143415	15532	951137	4496681	1755610	2741071	1419563	19838	0	1	0	0	0	0	0	1	0	1	1	1	1	1	0	0	120	2447	63971	0	9252	9252	0	0	17113	0	62	79	NORM	N_D	0	0
20131203-143419	15532	951137	4496681	1755610	2741071	1419563	19838	0	1	0	0	0	0	0	1	0	1	1	1	1	1	0	0	120	2447	63971	0	9252	9252	0	0	17166	0	71	79	NORM	N_D	0	0
20131203-143423	15532	951137	4496681	1755610	2741071	1419563	19838	0	1	0	0	0	0	0	1	0	1	1	1	1	1	0	0	120	2447	63971	0	9252	9252	0	0	17398	0	71	88	NORM	N_D	0	0
20131203-143427	15532	951137	4496682	1755610	2741072	1419563	19838	0	1	0	0	0	0	0	1	0	1	1	1	1	1	0	0	120	2447	63971	0	9252	9252	0	0	17481	0	88	106	NORM	N_D	0	0
20131203-143429	15532	951137	4496682	1755610	2741072	1419563	19838	0	1	0	0	0	0	0	1	0	1	1	1	1	1	0	0	120	2447	63971	0	9252	9252	0	0	17491	0	79	88	NORM	N_D	0	0
20131203-143431	15532	951137	4496682	1755610	2741072	1419563	19838	0	1	0	0	0	0	0	1	0	1	1	1	1	1	0	0	120	2447	63971	0	9252	9252	0	0	17498	0	79	88	NORM	N_D	0	0
20131203-143433	15532	951137	4496682	1755610	2741072	1419563	19838	0	1	0	0	0	0	0	1	0	1	1	1	1	1	0	0	119	2447	63983	0	9252	9252	0	0	17511	0	79	88	NORM	N_D	0	0
20131203-143435	15532	951137	4496682	1755610	2741072	1419563	19838	0	1	0	0	0	0	0	1	0	1	1	1	1	1	0	0	119	2447	63983	0	9252	9252	0	0	17487	0	79	88	NORM	N_D	0	0
20131203-143437	15532	951137	4496682	1755610	2741072	1419563	19838	0	1	0	0	0	0	0	1	0	1	1	1	1	1	0	0	119	2447	63983	0	9252	9252	0	0	17475	0	79	88	NORM	N_D	0	0
20131203-143439	15532	951137	4496682	1755610	2741072	1419563	19838	0	1	0	0	0	0	0	1	0	1	1	1	1	1	0	0	119	2447	63983	0	9252	9316	0	0	17418	0	79	88	NORM	N_D	0	0
20131203-143443	15532	951137	4496682	1755610	2741072	1419563	19838	0	1	0	0	0	0	0	1	0	1	1	1	1	1	0	0	119	2447	63972	0	9316	9316	0	0	17407	0	79	79	NORM	N_D	0	0
20131203-143447	15532	951137	4496682	1755610	2741072	1419563	19838	0	1	0	0	0	0	0	1	0	1	1	1	1	1	0	0	119	2447	63972	0	9316	9316	0	0	17328	0	79	88	NORM	N_D	0	0
20131203-143451	15532	951137	4496682	1755610	2741072	1419563	19838	0	1	0	0	0	0	0	1	0	1	1	1	1	1	0	0	119	2447	63972	0	9252	9252	0	0	17275	0	71	79	NORM	N_D	0	0
20131203-143453	15532	951137	4496682	1755610	2741072	1419563	19838	0	1	0	0	0	0	0	1	0	1	1	1	1	1	0	0	119	2447	63972	0	9316	9316	0	0	17289	0	79	88	NORM	N_D	0	0
20131203-143456	15532	951137	4496682	1755610	2741072	1419563	19838	0	1	0	0	0	0	0	1	0	1	1	1	1	1	0	0	119	2447	63972	0	9316	9316	0	0	17304	0	71	79	NORM	N_D	0	0
20131203-143500	15532	951137	4496682	1755610	2741072	1419563	19838	0	1	0	0	0	0	0	1	0	1	1	1	1	1	0	0	119	2447	63972	0	9316	9316	0	0	17326	4	97	115	NORM	N_D	0	0
20131203-143502	15532	951137	4496682	1755610	2741072	1419563	19838	0	1	0	0	0	0	0	1	0	1	1	1	1	1	0	0	119	2447	63972	0	9316	9316	0	0	17296	3	97	106	NORM	N_D	0	0
20131203-143506	15532	951137	4496682	1755610	2741072	1419563	19838	0	1	0	0	0	0	0	1	0	1	1	1	1	1	0	0	119	2447	63972	0	9316	9316	0	0	17249	3	97	106	NORM	N_D	0	0
20131203-143508	15532	951137	4496682	1755610	2741072	1419563	19838	0	1	0	0	0	0	0	1	0	1	1	1	1	1	0	0	119	2447	63972	0	9316	9316	0	0	17284	4	88	106	NORM	N_D	0	0
20131203-143512	15532	951137	4496682	1755610	2741072	1419563	19838	0	1	0	0	0	0	0	1	0	1	1	1	1	1	0	0	119	2447	63983	0	9316	9316	0	0	17296	6	97	106	NORM	N_D	0	0
20131203-143516	15532	951137	4496682	1755610	2741072	1419563	19838	0	1	0	0	0	0	0	1	0	1	1	1	1	1	0	0	119	2447	63972	0	9316	9316	0	0	17298	2	97	115	NORM	N_D	0	0
20131203-143518	15532	951137	4496682	1755610	2741072	1419563	19838	0	1	0	0	0	0	0	1	0	1	1	1	1	1	0	0	119	2447	63972	0	9316	9316	0	0	17301	3	97	106	NORM	N_D	0	0
20131203-143520	15532	951137	4496682	1755610	2741072	1419563	19838	0	1	0	0	0	0	0	1	0	1	1	1	1	1	0	0	119	2447	63972	0	9316	9316	0	0	17244	6	97	115	NORM	N_D	0	0
20131203-143522	15532	951137	4496682	1755610	2741072	1419563	19838	0	1	0	0	0	0	0	1	0	1	1	1	1	1	0	0	119	2447	63972	0	9316	9316	0	0	16998	2	97	106	NORM	N_D	0	0
20131203-143524	15532	951137	4496682	1755610	2741072	1419563	19838	0	1	0	0	0	0	0	1	0	1	1	1	1	1	0	0	119	2447	63972	0	9316	9316	0	0	16971	2	88	97	NORM	N_D	0	0
20131203-143526	15532	951137	4496682	1755610	2741072	1419563	19838	0	1	0	0	0	0	0	1	0	1	1	1	1	1	0	0	119	2447	63972	0	9316	9316	0	0	16951	1	88	115	NORM	N_D	0	0
20131203-143530	15532	951137	4496682	1755610	2741072	1419563	19838	0	1	0	0	0	0	0	1	0	1	1	1	1	1	0	0	119	2447	63972	0	9316	9316	0	0	17045	3	97	106	NORM	N_D	0	0
20131203-143534	15532	951137	4496682	1755610	2741072	1419563	19838	0	1	0	0	0	0	0	1	0	1	1	1	1	1	0	0	119	2447	63972	0	9316	9316	0	0	16932	3	97	97	NORM	N_D	0	0
20131203-143538	15532	951137	4496682	1755610	2741072	1419563	19838	0	1	0	0	0	0	0	1	0	1	1	1	1	1	0	0	119	2447	63983	0	9252	9252	0	0	16924	4	97	106	NORM	N_D	0	0
20131203-143540	15532	951137	4496682	1755610	2741072	1419563	19838	0	1	0	0	0	0	0	1	0	1	1	1	1	1	0	0	119	2447	63983	0	9252	9252	0	0	16894	3	88	97	NORM	N_D	0	0
20131203-143542	15532	951137	4496682	1755610	2741072	1419563	19838	0	1	0	0	0	0	0	1	0	1	1	1	1	1	0	0	119	2447	63983	0	9252	9252	0	0	17046	4	97	115	NORM	N_D	0	0
20131203-143546	15532	951137	4496682	1755610	2741072	1419563	19838	0	1	0	0	0	0	0	1	0	1	1	1	1	1	0	0	119	2447	63983	0	9252	9252	0	0	17014	3	97	115	NORM	N_D	0	0
20131203-143548	15532	951137	4496682	1755610	2741072	1419563	19838	0	1	0	0	0	0	0	1	0	1	1	1	1	1	0	0	119	2447	63972	0	9316	9316	0	0	17209	5	97	115	NORM	N_D	0	0
20131203-143552	15532	951137	4496682	1755610	2741072	1419563	19838	0	1	0	0	0	0	0	1	0	1	1	1	1	1	0	0	120	2447	63971	0	9252	9252	0	0	17028	5	97	106	NORM	N_D	0	0

#eof
