20131205-063749	15504	990244	181089	1758006	2147483647	1420485	19304	0	0	0	0	0	0	0	0	1	1	1	0	1	0	0	0	126	0	0	0	0	0	0	0	17247	40	257	257	NORM	PA_E	5	0
20131205-063753	15504	990244	181089	1758006	2147483647	1420485	19304	0	0	0	0	0	0	0	0	1	1	1	0	1	0	0	0	126	0	0	0	0	0	0	0	17265	39	257	257	NORM	PA_E	5	0
20131205-063757	15504	990244	181089	1758006	2147483647	1420485	19304	0	0	0	0	0	0	0	0	1	1	1	0	1	0	0	0	126	0	0	0	0	0	0	0	17245	39	257	257	NORM	PA_E	5	0
20131205-063801	15504	990244	181089	1758006	2147483647	1420485	19304	0	0	0	0	0	0	0	0	1	1	1	0	1	0	0	0	126	0	0	0	0	0	0	0	17251	39	266	266	NORM	PA_E	5	0
20131205-063805	15504	990244	181089	1758006	2147483647	1420485	19304	0	0	0	0	0	0	0	0	1	1	1	0	1	0	0	0	126	0	0	0	0	0	0	0	17234	43	284	284	NORM	PA_E	5	0
20131205-063808	15504	990244	181089	1758006	2147483647	1420485	19304	0	0	0	0	0	0	0	0	1	1	1	0	1	0	0	0	126	0	0	0	0	0	0	0	17239	42	284	284	NORM	PA_E	5	0
20131205-063812	15504	990244	181089	1758006	2147483647	1420486	19304	0	0	0	0	0	0	0	0	1	1	1	0	1	0	0	0	126	0	0	0	0	0	0	0	17195	43	275	275	NORM	PA_E	5	0
20131205-063816	15504	990244	181089	1758006	2147483647	1420486	19304	0	0	0	0	0	0	0	0	1	1	1	0	1	0	0	0	126	0	0	0	0	0	0	0	17185	42	284	275	NORM	PA_E	5	0
20131205-063819	15504	990244	181089	1758006	2147483647	1420486	19304	0	0	0	0	0	0	0	0	1	1	1	0	1	0	0	0	126	0	188	2855	0	0	521	535	17188	175	1262	1262	NORM	PA_E	5	0
20131205-063823	15504	990244	181089	1758006	2147483647	1420486	19304	0	0	0	0	0	0	0	0	1	1	1	0	1	0	0	0	126	0	577	9578	0	0	1244	1245	17228	605	3999	3999	NORM	PA_E	5	0
20131205-063827	15504	990244	181089	1758006	2147483647	1420486	19304	0	0	0	0	0	0	0	0	1	1	1	0	1	0	0	0	126	0	0	3	0	0	0	4	17230	91	471	471	NORM	PA_E	5	0
20131205-063831	15504	990244	181089	1758006	2147483647	1420486	19304	0	0	0	0	0	0	0	0	1	1	1	0	1	0	0	0	126	0	0	0	0	0	0	0	17230	44	284	284	NORM	PA_E	5	0
20131205-063834	15504	990244	181089	1758006	2147483647	1420486	19304	0	0	0	0	0	0	0	0	1	1	1	0	1	0	0	0	126	0	0	0	0	0	0	0	17258	44	284	284	NORM	PA_E	5	0
20131205-063838	15504	990244	181089	1758006	2147483647	1420486	19304	0	0	0	0	0	0	0	0	1	1	1	0	1	0	0	0	126	0	0	0	0	0	0	0	17232	37	239	248	NORM	PA_E	5	0
20131205-063842	15504	990244	181089	1758006	2147483647	1420486	19304	0	0	0	0	0	0	0	0	1	1	1	0	1	0	0	0	126	0	785	11821	0	0	1582	1585	17234	711	4808	4808	NORM	PA_E	5	0
20131205-063846	15504	990244	181089	1758006	2147483647	1420486	19304	0	0	0	0	0	0	0	0	1	1	1	0	1	0	0	0	126	0	557	4793	0	0	614	243	17207	530	3190	2142	NORM	PA_E	5	0
20131205-063849	15504	990244	181089	1758006	2147483647	1420487	19304	0	0	0	0	0	0	0	0	1	1	1	0	1	0	0	0	126	0	0	0	0	0	0	0	17247	41	266	266	NORM	PA_E	5	0
20131205-063853	15504	990244	181089	1758006	2147483647	1420487	19304	0	0	0	0	0	0	0	0	1	1	1	0	1	0	0	0	126	0	0	0	0	0	0	0	17277	39	257	266	NORM	PA_E	5	0
20131205-063857	15504	990244	181089	1758006	2147483647	1420487	19304	0	0	0	0	0	0	0	0	1	1	1	0	1	0	0	0	126	0	0	0	0	0	0	0	17284	40	266	266	NORM	PA_E	5	0
20131205-063900	15504	990244	181089	1758006	2147483647	1420487	19304	0	0	0	0	0	0	0	0	1	1	1	0	1	0	0	0	126	0	0	0	0	0	0	0	17253	37	239	239	NORM	PA_E	5	0
20131205-063904	15504	990244	181089	1758006	2147483647	1420487	19304	0	0	0	0	0	0	0	0	1	1	1	0	1	0	0	0	126	0	0	0	0	0	0	0	17219	40	266	266	NORM	PA_E	5	0
20131205-063908	15504	990244	181089	1758006	2147483647	1420487	19304	0	0	0	0	0	0	0	0	1	1	1	0	1	0	0	0	126	0	64751	0	4433	0	63933	63944	17280	504	3341	3341	NORM	PA_E	5	0
20131205-063912	15504	990244	181089	1758006	2147483647	1420487	19304	0	0	0	0	0	0	0	0	1	1	1	0	1	0	0	0	126	0	64934	0	3405	0	64236	64237	17259	404	2648	2648	NORM	PA_E	5	0
20131205-063915	15504	990244	181089	1758006	2147483647	1420487	19304	0	0	0	0	0	0	0	0	1	1	1	0	1	0	0	0	126	0	64046	0	8545	0	62504	62493	17271	867	5786	5786	NORM	PA_E	5	0
20131205-063919	15504	990244	181089	1758006	2147483647	1420487	19304	0	0	0	0	0	0	0	0	1	1	1	0	1	0	0	0	126	0	63932	0	9059	963	63545	63269	17278	658	4248	4248	NORM	PA_E	5	0
20131205-063923	15504	990244	181089	1758006	2147483647	1420487	19304	0	0	0	0	0	0	0	0	1	1	1	0	1	0	0	0	126	0	62691	0	16062	6425	61984	62304	17283	780	5137	5137	NORM	PA_E	5	0
20131205-063927	15504	990244	181089	1758006	2147483647	1420487	19304	0	0	0	0	0	0	0	0	1	1	1	0	1	0	0	0	126	0	63010	0	13492	3212	61792	61727	17286	656	4301	4301	NORM	PA_E	5	0
20131205-063930	15504	990244	181089	1758006	2147483647	1420488	19304	0	0	0	0	0	0	0	0	1	1	1	0	1	0	0	0	126	0	63624	0	10794	0	61670	61671	17296	515	3350	3350	NORM	PA_E	5	0
20131205-063934	15504	990244	181089	1758006	2147483647	1420488	19304	0	0	0	0	0	0	0	1	1	1	1	0	1	0	0	0	126	0	64228	0	7324	0	62883	62885	17243	264	1706	1706	NORM	PA_E	5	0
20131205-063938	15504	990244	181089	1758006	2147483647	1420488	19304	0	0	0	0	0	0	0	1	1	1	1	0	1	0	0	0	126	0	64114	0	8416	0	62479	62491	17274	226	1466	1466	NORM	PA_E	5	0
20131205-063941	15504	990244	181089	1758015	2147483647	1420488	19304	0	0	0	0	0	0	0	1	1	1	1	0	1	0	0	0	126	0	63375	0	12207	1285	61621	61613	17274	185	1191	1191	NORM	PA_E	5	0
20131205-063945	15504	990244	4503407	1758015	2745392	1420488	19304	0	0	0	0	0	0	0	1	1	1	1	0	1	0	0	0	126	0	63716	0	8802	7774	0	65533	17258	36	239	239	NORM	PA_E	5	0
20131205-063949	15504	990244	4503407	1758015	2745392	1420488	19304	0	0	0	0	0	0	0	1	1	1	1	0	1	0	0	0	126	0	64000	0	8545	8545	0	0	17279	39	257	275	NORM	PA_E	5	0
20131205-063953	15504	990244	4503407	1758015	2745392	1420488	19304	0	0	0	0	0	0	0	1	1	1	1	1	1	1	0	0	128	0	63954	0	8866	8866	0	0	17264	51	328	328	NORM	CH_I	6	0
20131205-063956	15504	990244	4503407	1758015	2745392	1420488	19304	0	0	0	0	0	0	0	1	1	1	1	1	1	1	0	0	128	0	63931	0	8866	8866	0	0	17239	44	284	284	NORM	CH_E	6	0
20131205-064000	15504	990244	4503407	1758015	2745392	1420488	19304	0	0	0	0	0	0	0	1	1	1	1	1	1	1	0	0	129	0	63931	0	8866	8802	0	0	17234	44	284	284	NORM	CH_E	6	0
20131205-064004	15504	990244	4503407	1758015	2745392	1420488	19304	0	0	0	0	0	0	0	1	1	1	1	1	1	0	0	0	129	0	63954	0	8738	8738	0	0	17243	42	266	266	NORM	CH_E	6	0
20131205-064007	15504	990244	4503407	1758015	2745392	1420488	19304	0	0	0	0	0	0	0	1	1	1	1	1	1	0	0	0	129	0	63954	0	8738	8802	0	0	17244	36	239	239	NORM	CH_E	6	0
20131205-064011	15504	990244	4503407	1758015	2745392	1420488	19304	0	0	0	0	0	0	0	1	1	1	1	1	1	0	0	0	129	0	1433	6666	0	0	3117	3031	17237	68	462	488	NORM	CH_E	6	0
20131205-064015	15504	990244	4503407	1758015	2745392	1420488	19304	0	0	0	0	0	0	0	1	1	1	1	0	1	0	0	0	129	0	2125	9887	0	0	4262	4248	17234	267	1768	1768	NORM	PA_I	6	0
20131205-064019	15504	990244	4503407	1758015	2745392	1420488	19304	0	0	0	0	0	0	0	1	1	1	1	0	1	0	0	0	129	0	3003	14013	0	0	6032	6297	17204	706	4684	4968	NORM	PA_E	6	0
20131205-064022	15504	990244	4503407	1758015	2745392	1420488	19304	0	0	0	0	0	0	0	1	1	1	1	0	1	0	0	0	129	0	2928	16463	0	0	5623	5614	17146	1133	7492	7492	NORM	PA_E	6	0
20131205-064026	15504	990244	4503407	1758015	2745392	1420488	19304	0	0	0	0	0	0	0	0	1	1	1	0	1	0	0	0	129	0	2173	16415	0	0	4321	4295	17189	1088	7199	7199	NORM	PA_E	6	0
20131205-064030	15504	990244	4503407	1758015	2745392	1420488	19304	0	0	0	0	0	0	0	0	1	1	1	0	1	0	0	0	129	0	1826	16401	0	0	3596	3585	17194	1068	7048	7048	NORM	PA_E	6	0
20131205-064033	15504	990244	4503407	1758015	2745392	1420488	19304	0	0	0	0	0	0	0	0	1	1	1	0	1	0	0	0	129	0	1600	16368	0	0	3170	3162	17192	1059	6977	6977	NORM	PA_E	6	0
20131205-064037	15504	990244	4503407	1758015	2745392	1420488	19304	0	0	0	0	0	0	0	0	1	1	1	0	1	0	0	0	129	0	1448	16420	0	0	2863	2857	17216	1054	6923	6923	NORM	PA_E	6	0
20131205-064041	15504	990244	4503407	1758015	2745392	1420488	19304	0	0	0	0	0	0	0	0	1	1	1	0	1	0	0	0	129	0	1331	16396	0	0	2658	2648	17219	1052	6923	6923	NORM	PA_E	6	0
20131205-064044	15504	990244	4503417	1758015	2745402	1420488	19304	0	0	0	0	0	0	0	0	1	1	1	0	1	0	0	0	129	0	1240	16387	0	0	2461	2464	17159	1047	6915	6915	NORM	PA_E	6	0
20131205-064048	15504	990244	4503417	1758015	2745402	1420488	19304	0	0	0	0	0	0	0	0	1	1	1	0	1	0	0	0	129	0	1149	16337	0	0	2286	2298	17197	1054	6977	6977	NORM	PA_E	6	0
20131205-064052	15504	990244	4503417	1758015	2745402	1420488	19304	0	0	0	0	0	0	0	0	1	1	1	0	1	0	0	0	129	0	1083	16360	0	0	2136	2154	17183	1062	7021	7021	NORM	PA_E	6	0
20131205-064056	15504	990244	4503417	1758015	2745402	1420488	19304	0	0	0	0	0	0	0	0	1	1	1	0	1	0	0	0	129	0	1016	16343	0	0	2023	2025	17204	1062	6995	6995	NORM	PA_E	6	0
20131205-064059	15504	990244	4503417	1758015	2745402	1420488	19304	0	0	0	0	0	0	0	0	1	1	1	0	1	0	0	0	129	0	1	24	0	0	0	11	17273	60	382	382	NORM	PA_E	6	0
20131205-064103	15504	990244	4503417	1758015	2745402	1420489	19304	0	0	0	0	0	0	0	0	1	1	1	0	1	0	0	0	129	0	457	7717	0	0	1000	999	17219	369	3039	3039	NORM	PA_E	6	0
20131205-064107	15504	990244	4503417	1758015	2745402	1420489	19304	0	0	0	0	0	0	0	0	1	1	1	0	1	0	0	0	129	0	955	16426	0	0	1907	1905	17215	1047	6932	6932	NORM	PA_E	6	0
20131205-064110	15504	990244	4503417	1758015	2745402	1420489	19304	0	0	0	0	0	0	0	0	1	1	1	0	1	0	0	0	129	0	0	4	0	0	0	0	17256	75	408	408	NORM	PA_E	6	0
20131205-064114	15504	990244	4503417	1758015	2745402	1420489	19304	0	0	0	0	0	0	0	0	1	1	1	0	1	0	0	0	129	0	0	0	0	0	0	0	17265	39	239	239	NORM	PA_E	6	0
20131205-064118	15504	990244	4503417	1758015	2745402	1420489	19304	0	0	0	0	0	0	0	0	1	1	1	0	1	0	0	0	129	0	489	8340	0	0	974	986	17241	530	3493	3493	NORM	PA_E	6	0
20131205-064122	15504	990244	4503417	1758015	2745402	1420489	19304	0	0	0	0	0	0	0	0	1	1	1	0	1	0	0	0	129	0	492	8317	0	0	983	983	17243	535	3510	3519	NORM	PA_E	6	0
20131205-064125	15504	990244	4503417	1758015	2745402	1420489	19304	0	0	0	0	0	0	0	0	1	1	1	0	1	0	0	0	129	0	728	12404	0	0	1451	1454	17235	752	5084	5084	NORM	PA_E	6	0
20131205-064129	15504	990244	4503417	1758015	2745402	1420489	19304	0	0	0	0	0	0	0	0	1	1	1	0	1	0	0	0	129	0	554	9443	0	0	1121	1122	17228	605	3973	3973	NORM	PA_E	6	0
20131205-064133	15504	990244	4503417	1758015	2745402	1420489	19304	0	0	0	0	0	0	0	0	1	1	1	0	1	0	0	0	129	0	553	9472	0	0	1101	1099	17210	601	3946	3946	NORM	PA_E	6	0
20131205-064136	15504	990244	4503417	1758015	2745402	1420490	19304	0	0	0	0	0	0	0	0	1	1	1	0	1	0	0	0	129	0	0	8	0	0	65533	65533	17266	100	346	346	NORM	PA_E	6	0
20131205-064140	15504	990244	4503417	1758015	2745402	1420490	19304	0	0	0	0	0	0	0	0	1	1	1	0	1	0	0	0	129	0	0	0	0	0	0	0	17255	39	186	186	NORM	PA_E	6	0
20131205-064144	15504	990244	4503435	1758015	2745420	1420490	19304	0	0	0	0	0	0	0	0	1	1	1	0	1	0	0	0	129	0	0	0	0	0	0	0	17271	12	115	115	NORM	PA_E	6	0
20131205-064148	15504	990244	4503435	1758015	2745420	1420490	19304	0	0	0	0	0	0	0	0	1	1	1	0	1	0	0	0	129	0	605	9658	0	0	1214	1205	17218	592	3928	3928	NORM	PA_E	6	0
20131205-064151	15504	990244	4503435	1758015	2745420	1420490	19304	0	0	0	0	0	0	0	0	1	1	1	0	1	0	0	0	129	0	785	12621	0	0	1569	2050	17189	846	5377	5377	NORM	PA_E	6	0
20131205-064155	15504	990244	4503435	1758015	2745420	1420490	19304	0	0	0	0	0	0	0	0	1	1	1	0	1	0	0	0	129	0	1000	16346	0	0	1993	1992	17204	1042	6897	6897	NORM	PA_E	6	0
20131205-064159	15504	990244	4503435	1758015	2745420	1420490	19304	0	0	0	0	0	0	0	0	1	1	1	0	1	0	0	0	129	0	972	16312	0	0	1950	1939	17200	1043	6888	6888	NORM	PA_E	6	0
20131205-064202	15504	990244	4503435	1758015	2745420	1420490	19304	0	0	0	0	0	0	0	0	1	1	1	0	1	0	0	0	129	0	955	16273	0	0	1914	1913	17194	1045	6879	6879	NORM	PA_E	6	0
20131205-064206	15504	990244	4503435	1758015	2745420	1420490	19304	0	0	0	0	0	0	0	0	1	1	1	0	1	0	0	0	129	0	0	0	0	0	0	0	17238	57	364	364	NORM	PA_E	6	0
20131205-064210	15504	990244	4503435	1758015	2745420	1420490	19304	0	0	0	0	0	0	0	0	1	1	1	0	1	0	0	0	129	0	0	0	0	0	0	0	17246	42	275	275	NORM	PA_E	6	0
20131205-064214	15504	990244	4503435	1758015	2745420	1420491	19304	0	0	0	0	0	0	0	0	1	1	1	0	1	0	0	0	129	0	331	5270	0	0	664	673	17236	330	2239	2239	NORM	PA_E	6	0
20131205-064217	15504	990244	4503435	1758015	2745420	1420491	19304	0	0	0	0	0	0	0	0	1	1	1	0	1	0	0	0	129	0	917	14565	0	0	1825	1829	17210	877	5892	5999	NORM	PA_E	6	0
20131205-064221	15504	990244	4503435	1758015	2745420	1420491	19304	0	0	0	0	0	0	0	0	1	1	1	0	1	0	0	0	129	0	1010	16315	0	0	2011	2014	17195	1044	6897	6897	NORM	PA_E	6	0
20131205-064225	15504	990244	4503435	1758015	2745420	1420491	19304	0	0	0	0	0	0	0	0	1	1	1	0	1	0	0	0	129	0	991	16272	0	0	1999	1976	17188	1047	6888	6888	NORM	PA_E	6	0
20131205-064228	15504	990244	4503435	1758015	2745420	1420491	19304	0	0	0	0	0	0	0	0	1	1	1	0	1	0	0	0	129	0	0	0	0	0	0	0	17260	100	506	506	NORM	PA_E	6	0
20131205-064232	15504	990244	4503435	1758015	2745420	1420491	19304	0	0	0	0	0	0	0	0	1	1	1	0	1	0	0	0	129	0	0	0	0	0	0	0	17264	42	275	275	NORM	PA_E	6	0
20131205-064236	15504	990244	4503435	1758015	2745420	1420491	19304	0	0	0	0	0	0	0	0	1	1	1	0	1	0	0	0	129	0	0	0	0	0	0	0	17244	32	204	204	NORM	PA_E	6	0
20131205-064240	15504	990244	4503435	1758015	2745420	1420491	19304	0	0	0	0	0	0	0	0	1	1	1	0	1	0	0	0	129	0	0	0	0	0	0	0	17225	31	204	204	NORM	PA_E	6	0
20131205-064243	15504	990244	4503449	1758015	2745434	1420491	19304	0	0	0	0	0	0	0	0	1	1	1	0	1	0	0	0	129	0	0	0	0	0	0	0	17237	27	186	186	NORM	PA_E	6	0
20131205-064247	15504	990244	4503449	1758015	2745434	1420492	19304	0	0	0	0	0	0	0	0	1	1	1	0	1	0	0	0	129	0	65106	0	2377	0	64649	64223	17262	368	2524	2524	NORM	PA_E	6	0
20131205-064251	15504	990244	4503449	1758015	2745434	1420492	19304	0	0	0	0	0	0	0	0	1	1	1	0	1	0	0	0	129	0	64897	0	3533	0	64246	64231	17225	453	2959	2959	NORM	PA_E	6	0
20131205-064255	15504	990244	4503449	1758015	2745434	1420492	19304	0	0	0	0	0	0	0	0	1	1	1	0	1	0	0	0	129	0	0	0	0	0	0	0	17219	42	266	266	NORM	PA_E	6	0
20131205-064258	15504	990244	4503449	1758015	2745434	1420492	19304	0	0	0	0	0	0	0	0	1	1	1	0	1	0	0	0	129	0	0	0	0	0	0	0	17204	36	239	239	NORM	PA_E	6	0
20131205-064302	15504	990244	4503449	1758015	2745434	1420492	19304	0	0	0	0	0	0	0	0	1	1	1	0	1	0	0	0	129	0	0	0	0	0	0	0	17228	38	248	257	NORM	PA_E	6	0
20131205-064306	15504	990244	4503449	1758015	2745434	1420492	19304	0	0	0	0	0	0	0	0	1	1	1	0	1	0	0	0	129	0	0	0	0	0	0	0	17201	39	257	257	NORM	PA_E	6	0
20131205-064310	15504	990244	4503449	1758015	2745434	1420492	19304	0	0	0	0	0	0	0	0	1	1	1	0	1	0	0	0	129	0	0	0	0	0	0	0	17203	39	257	257	NORM	PA_E	6	0
20131205-064313	15504	990244	4503449	1758015	2745434	1420492	19304	0	0	0	0	0	0	0	0	1	1	1	0	1	0	0	0	129	0	0	0	0	0	0	0	17218	38	248	248	NORM	PA_E	6	0
20131205-064317	15504	990244	4503449	1758015	2745434	1420492	19304	0	0	0	0	0	0	0	0	1	1	1	0	1	0	0	0	129	0	64432	0	6103	0	63291	63293	17283	833	5546	5546	NORM	PA_E	6	0
20131205-064321	15504	990244	4503449	1758015	2745434	1420493	19304	0	0	0	0	0	0	0	0	1	1	1	0	1	0	0	0	129	0	65456	0	449	0	65534	65535	17224	158	551	551	NORM	PA_E	6	0
20131205-064325	15504	990244	4503449	1758015	2745434	1420493	19304	0	0	0	0	0	0	0	0	1	1	1	0	1	0	0	0	129	0	0	0	0	0	0	0	17231	27	177	177	NORM	PA_E	6	0
20131205-064328	15504	990244	4503449	1758015	2745434	1420493	19304	0	0	0	0	0	0	0	0	1	1	1	0	1	0	0	0	129	0	0	0	0	0	0	0	17231	27	177	177	NORM	PA_E	6	0
20131205-064332	15504	990244	4503449	1758015	2745434	1420493	19304	0	0	0	0	0	0	0	0	1	1	1	0	1	0	0	0	129	0	0	0	0	0	0	0	17235	27	186	177	NORM	PA_E	6	0
20131205-064336	15504	990244	4503449	1758015	2745434	1420493	19304	0	0	0	0	0	0	0	0	1	1	1	0	1	0	0	0	129	0	0	0	0	0	0	0	17234	27	186	186	NORM	PA_E	6	0
20131205-064339	15504	990244	4503449	1758015	2745434	1420493	19304	0	0	0	0	0	0	0	0	1	1	1	0	1	0	0	0	129	0	0	0	0	0	0	0	17226	24	159	159	NORM	PA_E	6	0
20131205-064343	15504	990244	4503449	1758018	2745431	1420493	19304	0	0	0	0	0	0	0	0	1	1	1	0	1	0	0	0	129	0	65456	0	449	0	65361	65359	17240	59	302	302	NORM	PA_E	6	0
20131205-064347	15504	990244	4503449	1758018	2745431	1420493	19304	0	0	0	0	0	0	0	0	1	1	1	0	1	0	0	0	129	0	65456	0	449	0	65360	65364	17242	37	239	239	NORM	PA_E	6	0
20131205-064351	15504	990244	4503449	1758018	2745431	1420493	19304	0	0	0	0	0	0	0	0	1	1	1	0	1	0	0	0	129	0	0	0	0	0	0	0	17234	37	248	248	NORM	PA_E	6	0
20131205-064354	15504	990244	4503449	1758018	2745431	1420493	19304	0	0	0	0	0	0	0	0	1	1	1	0	1	0	0	0	129	0	0	0	0	0	0	0	17243	36	248	248	NORM	PA_E	6	0
20131205-064358	15504	990244	4503449	1758018	2745431	1420494	19304	0	0	0	0	0	0	0	0	1	1	1	0	1	0	0	0	129	0	65130	0	2248	0	64700	64694	17257	272	1839	1875	NORM	PA_E	6	0
20131205-064402	15504	990244	4503449	1758018	2745431	1420494	19304	0	0	0	0	0	0	0	0	1	1	1	0	1	0	0	0	129	0	0	0	0	0	0	0	17246	1	0	0	NORM	PA_E	6	0
20131205-064406	15504	990244	4503449	1758018	2745431	1420494	19304	0	0	0	0	0	1	0	0	1	1	1	0	1	0	0	0	129	0	63966	0	8673	8673	0	0	17246	0	0	0	NORM	PA_E	6	0
20131205-064409	15504	990244	4503449	1758018	2745431	1420494	19304	0	0	0	0	0	1	0	0	1	1	1	0	1	0	0	0	129	0	65490	0	0	0	0	0	2766	0	65519	65519	NORM	PA_E	6	0
20131205-064413	15504	990244	4503449	1758018	2745431	1420494	19304	0	0	0	0	0	0	0	0	1	1	1	0	1	0	0	0	129	0	0	0	0	0	0	0	17368	52	284	284	NORM	PA_E	6	0
20131205-064417	15504	990244	4503449	1758018	2745431	1420494	19304	0	0	0	0	0	0	0	0	1	1	1	0	1	0	0	0	129	0	0	0	0	0	0	0	17373	0	8	8	NORM	PA_E	6	0
20131205-064421	15504	990244	4503449	1758018	2745431	1420494	19304	0	0	0	0	0	0	0	0	1	1	1	0	1	0	0	0	129	0	0	0	0	0	0	0	17329	1	35	35	NORM	PA_E	6	0
20131205-064424	15504	990244	4503449	1758018	2745431	1420494	19304	0	0	0	0	0	0	0	0	1	1	1	0	1	0	0	0	129	0	0	0	0	0	0	0	17358	0	62	62	NORM	PA_E	6	0
20131205-064428	15504	990244	4503449	1758018	2745431	1420494	19304	0	0	0	0	0	0	0	0	1	1	1	0	1	0	0	0	129	0	0	0	0	0	0	0	17395	24	159	159	NORM	PA_E	6	0
20131205-064432	15504	990244	4503449	1758018	2745431	1420495	19304	0	0	0	0	0	0	0	0	1	1	1	0	1	0	0	0	129	0	0	0	0	0	0	0	17396	59	382	382	NORM	PA_E	6	0
20131205-064435	15504	990244	4503449	1758018	2745431	1420495	19304	0	0	0	0	0	0	0	0	1	1	1	0	1	0	0	0	129	0	1041	16439	0	0	2063	2082	17307	991	6728	6728	NORM	PA_E	6	0
20131205-064439	15504	990244	4503449	1758018	2745431	1420495	19304	0	0	0	0	0	0	0	0	1	1	1	0	1	0	0	0	129	0	984	16275	0	0	1957	1961	17302	1054	6959	6959	NORM	PA_E	6	0
20131205-064443	15504	990244	4503452	1758019	2745433	1420495	19304	0	0	0	0	0	0	0	0	1	1	1	0	1	0	0	0	129	0	0	12	0	0	65535	0	17384	72	417	417	NORM	PA_E	6	0
20131205-064447	15504	990244	4503452	1758019	2745433	1420495	19304	0	0	0	0	0	0	0	0	1	1	1	0	1	0	0	0	129	0	0	0	0	0	0	0	17340	50	328	328	NORM	PA_E	6	0
20131205-064450	15504	990244	4503452	1758019	2745433	1420495	19304	0	0	0	0	0	0	0	0	1	1	1	0	1	0	0	0	129	0	0	0	0	0	0	0	17325	56	373	373	NORM	PA_E	6	0
20131205-064454	15504	990244	4503452	1758019	2745433	1420495	19304	0	0	0	0	0	0	0	0	1	1	1	0	1	0	0	0	129	0	760	12898	0	0	1518	1531	17317	835	5519	5519	NORM	PA_E	6	0
20131205-064458	15504	990244	4503452	1758019	2745433	1420495	19304	0	0	0	0	0	0	0	0	1	1	1	0	1	0	0	0	129	0	698	11985	0	0	978	991	17345	649	4426	4426	NORM	PA_E	6	0
20131205-064502	15504	990244	4503452	1758019	2745433	1420495	19304	0	0	0	0	0	0	0	0	1	1	1	0	1	0	0	0	129	0	0	0	0	0	0	0	17390	59	382	382	NORM	PA_E	6	0
20131205-064505	15504	990244	4503452	1758019	2745433	1420496	19304	0	0	0	0	0	0	0	0	1	1	1	0	1	0	0	0	129	0	0	0	0	0	0	0	17396	62	399	399	NORM	PA_E	6	0
20131205-064509	15504	990244	4503452	1758019	2745433	1420496	19304	0	0	0	0	0	0	0	0	1	1	1	0	1	0	0	0	129	0	4	76	0	0	864	894	17398	159	1697	1697	NORM	PA_E	6	0
20131205-064513	15504	990244	4503452	1758019	2745433	1420496	19304	0	0	0	0	0	0	0	0	1	1	1	0	1	0	0	0	129	0	994	16391	0	0	1985	1986	17393	1053	6932	6932	NORM	PA_E	6	0
20131205-064516	15504	990244	4503452	1758019	2745433	1420496	19304	0	0	0	0	0	0	0	0	1	1	1	0	1	0	0	0	129	0	1	16	0	0	0	2	17476	76	462	462	NORM	PA_E	6	0
20131205-064520	15504	990244	4503452	1758019	2745433	1420496	19304	0	0	0	0	0	0	0	0	1	1	1	0	1	0	0	0	129	0	0	0	0	0	0	0	17465	60	391	391	NORM	PA_E	6	0
20131205-064524	15504	990244	4503452	1758019	2745433	1420496	19304	0	0	0	0	0	0	0	0	1	1	1	0	1	0	0	0	129	0	0	0	0	0	0	0	17456	60	391	391	NORM	PA_E	6	0
20131205-064528	15504	990244	4503452	1758019	2745433	1420496	19304	0	0	0	0	0	0	0	0	1	1	1	0	1	0	0	0	129	0	0	0	0	0	0	0	17434	60	391	391	NORM	PA_E	6	0
20131205-064531	15504	990244	4503452	1758019	2745433	1420496	19304	0	0	0	0	0	0	0	0	1	1	1	0	1	0	0	0	129	0	0	0	0	0	0	0	17448	60	391	391	NORM	PA_E	6	0
20131205-064535	15504	990244	4503452	1758019	2745433	1420496	19304	0	0	0	0	0	0	0	0	1	1	1	0	1	0	0	0	129	0	0	0	0	0	0	0	17426	50	328	328	NORM	PA_E	6	0
20131205-064539	15504	990244	4503452	1758019	2745433	1420496	19304	0	0	0	0	0	0	0	0	1	1	1	0	1	0	0	0	129	0	0	0	0	0	0	0	17398	48	311	302	NORM	PA_E	6	0
20131205-064543	15504	990244	4503458	1758019	2745439	1420497	19304	0	0	0	0	0	0	0	0	1	1	1	0	1	0	0	0	129	0	0	0	0	0	0	0	17396	49	328	328	NORM	PA_E	6	0
20131205-064546	15504	990244	4503458	1758019	2745439	1420497	19304	0	0	0	0	0	0	0	0	1	1	1	0	1	0	0	0	129	0	64618	0	5075	0	63680	63675	17438	511	3421	3421	NORM	PA_E	6	0
20131205-064550	15504	990244	4503458	1758019	2745439	1420497	19304	0	0	0	0	0	0	0	0	1	1	1	0	1	0	0	0	129	0	64700	0	4497	0	63890	63397	17418	421	2826	2826	NORM	PA_E	6	0
20131205-064554	15504	990244	4503458	1758019	2745439	1420497	19304	0	0	0	0	0	0	0	0	1	1	1	0	1	0	0	0	129	0	62581	0	16319	6103	62032	61725	17460	863	5670	5670	NORM	PA_E	6	0
20131205-064558	15504	990244	4503458	1758019	2745439	1420497	19304	0	0	0	0	0	0	0	0	1	1	1	0	1	0	0	0	129	0	62569	0	16384	4112	61187	60862	17474	816	5395	5395	NORM	PA_E	6	0
20131205-064601	15504	990244	4503458	1758019	2745439	1420497	19304	0	0	0	0	0	0	0	0	1	1	1	0	1	0	0	0	129	0	64350	0	6232	0	63634	63402	17445	324	1813	1813	NORM	PA_E	6	0
20131205-064605	15504	990244	4503458	1758019	2745439	1420497	19304	0	0	0	0	0	0	0	0	1	1	1	0	1	0	0	0	129	0	64757	0	4304	0	64043	63841	17442	154	1013	995	NORM	PA_E	6	0
20131205-064609	15504	990244	4503458	1758019	2745439	1420497	19304	0	0	0	0	0	0	0	1	1	1	1	0	1	0	0	0	129	0	64408	0	6617	0	63043	62759	17462	216	1484	1484	NORM	PA_E	6	0
20131205-064613	15504	990244	4503458	1758019	2745439	1420497	19304	0	0	0	0	0	0	0	1	1	1	1	0	1	0	0	0	129	0	62697	0	15677	1542	60643	60087	17450	396	2586	2586	NORM	PA_E	6	0
20131205-064616	15504	990244	4503458	1758019	2745439	1420497	19304	0	0	0	0	0	0	0	1	1	1	1	0	1	0	0	0	129	0	62581	0	16319	2441	60630	60304	17418	159	995	995	NORM	PA_E	6	0
20131205-064620	15504	990244	4503458	1758019	2745439	1420497	19304	0	0	0	0	0	0	0	1	1	1	1	0	1	0	0	0	129	0	64071	0	7967	7967	0	0	17406	36	231	231	NORM	PA_E	6	0
20131205-064624	15504	990244	4503458	1758019	2745439	1420497	19304	0	0	0	0	0	0	0	1	1	1	1	1	1	1	0	0	131	0	63955	0	8673	8673	0	0	17411	36	231	231	NORM	CH_I	7	0
20131205-064627	15504	990244	4503458	1758019	2745439	1420497	19304	0	0	0	0	0	0	0	1	1	1	1	1	1	1	0	0	131	0	63908	0	8866	8802	0	0	17398	36	231	231	NORM	CH_E	7	0
20131205-064631	15504	990244	4503458	1758019	2745439	1420497	19304	0	0	0	0	0	0	0	1	1	1	1	1	1	1	0	0	131	0	63920	0	8802	8802	0	0	17433	45	293	293	NORM	CH_E	7	0
20131205-064635	15504	990244	4503458	1758019	2745439	1420497	19304	0	0	0	0	0	0	0	1	1	1	1	1	1	0	0	0	131	0	63920	0	8802	8802	0	0	17421	39	257	257	NORM	CH_E	7	0
20131205-064638	15504	990244	4503458	1758019	2745439	1420497	19304	0	0	0	0	0	0	0	1	1	1	1	1	1	0	0	0	131	0	63931	0	8738	8738	0	0	17365	45	293	293	NORM	CH_E	7	0
20131205-064642	15504	990244	4503459	1758025	2745434	1420497	19304	0	0	0	0	0	0	0	1	1	1	1	0	1	0	0	0	131	0	2293	10913	0	0	4765	5140	17322	192	1413	1413	NORM	PA_I	7	0
20131205-064646	15504	990244	4503459	1758025	2745434	1420497	19304	0	0	0	0	0	0	0	1	1	1	1	0	1	0	0	0	131	0	3583	16412	0	0	7166	7147	17258	795	5377	5377	NORM	PA_E	7	0
20131205-064650	15504	990244	4503459	1758025	2745434	1420497	19304	0	0	0	0	0	0	0	1	1	1	1	0	1	0	0	0	131	0	2992	16504	0	0	5662	5655	17247	1142	7510	7510	NORM	PA_E	7	0
20131205-064653	15504	990244	4503459	1758025	2745434	1420497	19304	0	0	0	0	0	0	0	0	1	1	1	0	1	0	0	0	131	0	2215	16525	0	0	4358	4354	17271	1093	7172	7172	NORM	PA_E	7	0
20131205-064657	15504	990244	4503459	1758025	2745434	1420497	19304	0	0	0	0	0	0	0	0	1	1	1	0	1	0	0	0	131	0	1845	16441	0	0	3663	3658	17337	1069	7012	7012	NORM	PA_E	7	0
20131205-064701	15504	990244	4503459	1758025	2745434	1420497	19304	0	0	0	0	0	0	0	0	1	1	1	0	1	0	0	0	131	0	1632	16355	0	0	3262	3251	17332	1060	6977	6977	NORM	PA_E	7	0
20131205-064704	15504	990244	4503459	1758025	2745434	1420497	19304	0	0	0	0	0	0	0	0	1	1	1	0	1	0	0	0	131	0	1491	16353	0	0	2960	2952	17360	1058	6986	6986	NORM	PA_E	7	0
20131205-064708	15504	990244	4503459	1758025	2745434	1420497	19304	0	0	0	0	0	0	0	0	1	1	1	0	1	0	0	0	131	0	0	0	0	0	0	0	17444	66	391	391	NORM	PA_E	7	0
20131205-064712	15504	990244	4503459	1758025	2745434	1420497	19304	0	0	0	0	0	0	0	0	1	1	1	0	1	0	0	0	131	0	0	0	0	0	0	0	17368	53	337	337	NORM	PA_E	7	0
20131205-064716	15504	990244	4503459	1758025	2745434	1420498	19304	0	0	0	0	0	0	0	0	1	1	1	0	1	0	0	0	131	0	0	0	0	0	0	0	17373	53	337	337	NORM	PA_E	7	0
20131205-064719	15504	990244	4503459	1758025	2745434	1420498	19304	0	0	0	0	0	0	0	0	1	1	1	0	1	0	0	0	131	0	0	0	0	0	0	0	17361	46	302	302	NORM	PA_E	7	0
20131205-064723	15504	990244	4503459	1758025	2745434	1420498	19304	0	0	0	0	0	0	0	0	1	1	1	0	1	0	0	0	131	0	0	0	0	0	0	0	17353	46	302	302	NORM	PA_E	7	0
20131205-064727	15504	990244	4503459	1758025	2745434	1420498	19304	0	0	0	0	0	0	0	0	1	1	1	0	1	0	0	0	131	0	0	0	0	0	0	0	17347	46	302	302	NORM	PA_E	7	0
20131205-064730	15504	990244	4503459	1758025	2745434	1420498	19304	0	0	0	0	0	0	0	0	1	1	1	0	1	0	0	0	131	0	0	0	0	0	0	0	17384	43	284	284	NORM	PA_E	7	0
20131205-064734	15504	990244	4503459	1758025	2745434	1420498	19304	0	0	0	0	0	0	0	0	1	1	1	0	1	0	0	0	131	0	0	0	0	0	0	0	17403	43	275	275	NORM	PA_E	7	0
20131205-064738	15504	990244	4503459	1758025	2745434	1420498	19304	0	0	0	0	0	0	0	0	1	1	1	0	1	0	0	0	131	0	0	0	0	0	0	0	17364	38	248	248	NORM	PA_E	7	0
20131205-064742	15504	990244	4503459	1758025	2745434	1420498	19304	0	0	0	0	0	0	0	0	1	1	1	0	1	0	0	0	131	0	1046	9063	0	0	2136	2128	17371	575	3875	3875	NORM	PA_E	7	0
20131205-064745	15504	990244	4503471	1758025	2745446	1420498	19304	0	0	0	0	0	0	0	0	1	1	1	0	1	0	0	0	131	0	1008	9225	0	0	2018	2010	17341	603	3964	3964	NORM	PA_E	7	0
20131205-064749	15504	990244	4503471	1758025	2745446	1420498	19304	0	0	0	0	0	0	0	0	1	1	1	0	1	0	0	0	131	0	963	9211	0	0	1916	1920	17292	604	3973	3973	NORM	PA_E	7	0
20131205-064753	15504	990244	4503471	1758025	2745446	1420498	19304	0	0	0	0	0	0	0	0	1	1	1	0	1	0	0	0	131	0	894	8910	0	0	1328	1549	17407	584	3173	3173	NORM	PA_E	7	0
20131205-064757	15504	990244	4503471	1758025	2745446	1420498	19304	0	0	0	0	0	0	0	0	1	1	1	0	1	0	0	0	131	0	0	0	0	0	0	0	17403	45	284	284	NORM	PA_E	7	0
20131205-064800	15504	990244	4503471	1758025	2745446	1420498	19304	0	0	0	0	0	0	0	0	1	1	1	0	1	0	0	0	131	0	0	0	0	0	0	0	17355	44	284	284	NORM	PA_E	7	0
20131205-064804	15504	990244	4503471	1758025	2745446	1420498	19304	0	0	0	0	0	0	0	0	1	1	1	0	1	0	0	0	131	0	0	0	0	0	0	0	17362	46	302	302	NORM	PA_E	7	0
20131205-064808	15504	990244	4503471	1758025	2745446	1420498	19304	0	0	0	0	0	0	0	0	1	1	1	0	1	0	0	0	131	0	0	0	0	0	0	0	17380	47	311	311	NORM	PA_E	7	0
20131205-064812	15504	990244	4503471	1758025	2745446	1420498	19304	0	0	0	0	0	0	0	0	1	1	1	0	1	0	0	0	131	0	0	0	0	0	0	0	17386	42	266	266	NORM	PA_E	7	0
20131205-064815	15504	990244	4503471	1758025	2745446	1420499	19304	0	0	0	0	0	0	0	0	1	1	1	0	1	0	0	0	131	0	0	0	0	0	0	0	17435	41	266	266	NORM	PA_E	7	0
20131205-064819	15504	990244	4503471	1758025	2745446	1420499	19304	0	0	0	0	0	0	0	0	1	1	1	0	1	0	0	0	131	0	64345	0	6489	0	63104	63086	17394	359	2355	2355	NORM	PA_E	7	0
20131205-064823	15504	990244	4503471	1758025	2745446	1420499	19304	0	0	0	0	0	0	0	0	1	1	1	0	1	0	0	0	131	0	63613	0	10472	0	61666	61656	17427	470	3101	3066	NORM	PA_E	7	0
20131205-064826	15504	990244	4503471	1758025	2745446	1420499	19304	0	0	0	0	0	0	0	1	1	1	1	0	1	0	0	0	131	0	63731	0	9830	0	61917	61894	17451	301	1955	1955	NORM	PA_E	7	0
20131205-064830	15504	990244	4503471	1758025	2745446	1420499	19304	0	0	0	0	0	0	0	1	1	1	1	0	1	0	0	0	131	0	63494	0	11115	0	61360	61365	17444	187	1217	1217	NORM	PA_E	7	0
20131205-064834	15504	990244	4503471	1758025	2745446	1420499	19304	0	0	0	0	0	0	0	1	1	1	1	0	1	0	0	0	131	0	63931	0	7967	7967	65530	65525	17380	36	239	239	NORM	PA_E	7	0
20131205-064838	15504	990244	4503471	1758025	2745446	1420499	19304	0	0	0	0	0	0	0	1	1	1	1	0	1	1	0	0	131	0	65443	0	514	449	0	0	17320	36	239	239	NORM	PA_E	7	0
20131205-064841	15504	990244	4503471	1758028	2745446	1420499	19304	0	0	0	0	0	0	0	1	1	1	1	1	1	1	0	0	131	0	63944	0	8738	8738	0	0	17296	47	311	311	NORM	CH_I	8	0
20131205-064845	15504	990244	4503475	1758028	2745447	1420499	19304	0	0	0	0	0	0	0	1	1	1	1	1	1	1	0	0	132	0	63920	0	8738	8738	0	0	17331	47	311	311	NORM	CH_E	8	0
20131205-064849	15504	990244	4503475	1758028	2745447	1420499	19304	0	0	0	0	0	0	0	1	1	1	1	1	1	1	0	0	132	0	63920	0	8738	8738	0	0	17320	46	293	293	NORM	CH_E	8	0
20131205-064852	15504	990244	4503475	1758028	2745447	1420499	19304	0	0	0	0	0	0	0	1	1	1	1	1	1	1	0	0	132	0	63944	0	8609	8609	0	0	17352	51	328	328	NORM	CH_E	8	0
20131205-064856	15504	990244	4503475	1758028	2745447	1420499	19304	0	0	0	0	0	0	0	1	1	1	1	1	1	1	0	0	132	0	63955	0	8545	8545	0	0	17337	50	328	328	NORM	CH_E	8	0
20131205-064900	15504	990244	4503475	1758028	2745447	1420499	19304	0	0	0	0	0	0	0	1	1	1	1	1	1	1	0	0	132	0	63955	0	8545	8545	0	0	17444	50	319	319	NORM	CH_E	8	0
20131205-064903	15504	990244	4503475	1758028	2745447	1420499	19304	0	0	0	0	0	0	0	1	1	1	1	1	1	0	0	0	132	0	63955	0	8545	8545	0	0	17420	53	337	337	NORM	CH_E	8	0
20131205-064907	15504	990244	4503475	1758028	2745447	1420499	19304	0	0	0	0	0	0	0	1	1	1	1	1	1	0	0	0	132	0	63968	0	8416	8416	0	0	17410	54	346	346	NORM	CH_E	8	0
20131205-064911	15504	990244	4503475	1758028	2745447	1420499	19304	0	0	0	0	0	0	0	1	1	1	1	1	1	0	0	0	132	0	63979	0	8416	8416	0	1	17421	54	355	355	NORM	CH_E	8	0
20131205-064915	15504	990244	4503475	1758028	2745447	1420499	19304	0	0	0	0	0	0	0	1	1	1	1	0	1	0	0	0	132	0	2375	10797	0	0	4746	4750	17468	208	1377	1377	NORM	PA_I	8	0
20131205-064918	15504	990244	4503475	1758028	2745447	1420499	19304	0	0	0	0	0	0	0	1	1	1	1	0	1	0	0	0	132	0	3566	16213	0	0	7206	7213	17427	699	4657	4657	NORM	PA_E	8	0
20131205-064922	15504	990244	4503475	1758028	2745447	1420499	19304	0	0	0	0	0	0	0	1	1	1	1	0	1	0	0	0	132	0	3316	16458	0	0	6348	6344	17343	1139	7510	7510	NORM	PA_E	8	0
20131205-064926	15504	990244	4503475	1758028	2745447	1420499	19304	0	0	0	0	0	0	0	0	1	1	1	0	1	0	0	0	132	0	2393	16466	0	0	4745	4755	17293	1088	7146	7146	NORM	PA_E	8	0
20131205-064929	15504	990244	4503475	1758028	2745447	1420499	19304	0	0	0	0	0	0	0	0	1	1	1	0	1	0	0	0	132	0	2008	16408	0	0	3968	3959	17222	1063	6995	6995	NORM	PA_E	8	0
20131205-064933	15504	990244	4503475	1758028	2745447	1420499	19304	0	0	0	0	0	0	0	0	1	1	1	0	1	0	0	0	132	0	1752	16369	0	0	3497	3484	17207	1046	6915	6915	NORM	PA_E	8	0
20131205-064937	15504	990244	4503475	1758028	2745447	1420499	19304	0	0	0	0	0	0	0	0	1	1	1	0	1	0	0	0	132	0	1587	16363	0	0	3146	3145	17168	1051	6941	6941	NORM	PA_E	8	0
20131205-064941	15504	990244	4503475	1758028	2745447	1420499	19304	0	0	0	0	0	0	0	0	1	1	1	0	1	0	0	0	132	0	1468	16347	0	0	2924	2898	17106	1058	6986	6995	NORM	PA_E	8	0
20131205-064944	15504	990244	4503486	1758028	2745458	1420499	19304	0	0	0	0	0	0	0	0	1	1	1	0	1	0	0	0	132	0	1377	16330	0	0	2745	2729	17116	1054	6968	6968	NORM	PA_E	8	0
20131205-064948	15504	990244	4503486	1758028	2745458	1420499	19304	0	0	0	0	0	0	0	0	1	1	1	0	1	0	0	0	132	0	1298	16339	0	0	2595	2592	17129	1051	6923	6923	NORM	PA_E	8	0
20131205-064952	15504	990244	4503486	1758028	2745458	1420499	19304	0	0	0	0	0	0	0	0	1	1	1	0	1	0	0	0	132	0	1241	16353	0	0	2468	2468	17115	1057	6959	6959	NORM	PA_E	8	0
20131205-064955	15504	990244	4503486	1758028	2745458	1420499	19304	0	0	0	0	0	0	0	0	1	1	1	0	1	0	0	0	132	0	1179	16294	0	0	2357	2370	17093	1056	6941	6941	NORM	PA_E	8	0
20131205-064959	15504	990244	4503486	1758028	2745458	1420499	19304	0	0	0	0	0	0	0	0	1	1	1	0	1	0	0	0	132	0	1141	16394	0	0	2273	2276	17051	1056	6950	6950	NORM	PA_E	8	0
20131205-065003	15504	990244	4503486	1758028	2745458	1420499	19304	0	0	0	0	0	0	0	0	1	1	1	0	1	0	0	0	132	0	1101	16417	0	0	2197	2187	17064	1058	6986	6986	NORM	PA_E	8	0
20131205-065006	15504	990244	4503486	1758028	2745458	1420500	19304	0	0	0	0	0	0	0	0	1	1	1	0	1	0	0	0	132	0	3	3	0	0	2	0	17138	126	622	622	NORM	PA_E	8	0
20131205-065010	15504	990244	4503486	1758028	2745458	1420500	19304	0	0	0	0	0	0	0	0	1	1	1	0	1	0	0	0	132	0	0	0	0	0	0	0	17162	45	284	284	NORM	PA_E	8	0
20131205-065014	15504	990244	4503486	1758028	2745458	1420500	19304	0	0	0	0	0	0	0	0	1	1	1	0	1	0	0	0	132	0	0	0	0	0	0	0	17151	45	284	284	NORM	PA_E	8	0
20131205-065018	15504	990244	4503486	1758028	2745458	1420500	19304	0	0	0	0	0	0	0	0	1	1	1	0	1	0	0	0	132	0	0	0	0	0	0	0	17320	44	284	284	NORM	PA_E	8	0
20131205-065021	15504	990244	4503486	1758028	2745458	1420500	19304	0	0	0	0	0	0	0	0	1	1	1	0	1	0	0	0	132	0	0	0	0	0	0	0	17287	43	284	284	NORM	PA_E	8	0
20131205-065025	15504	990244	4503486	1758028	2745458	1420500	19304	0	0	0	0	0	0	0	0	1	1	1	0	1	0	0	0	132	0	0	0	0	0	0	0	17424	33	213	213	NORM	PA_E	8	0
20131205-065029	15504	990244	4503486	1758028	2745458	1420500	19304	0	0	0	0	0	0	0	0	1	1	1	0	1	0	0	0	132	0	65192	0	1863	0	64828	64827	17394	224	1475	1475	NORM	PA_E	8	0
20131205-065033	15504	990244	4503486	1758028	2745458	1420500	19304	0	0	0	0	0	0	0	0	1	1	1	0	1	0	0	0	132	0	0	0	0	0	0	0	17397	21	142	142	NORM	PA_E	8	0
20131205-065036	15504	990244	4503486	1758028	2745458	1420500	19304	0	0	0	0	0	0	0	0	1	1	1	0	1	0	0	0	132	0	0	0	0	0	0	0	17337	20	142	142	NORM	PA_E	8	0
20131205-065040	15504	990244	4503486	1758028	2745458	1420500	19304	0	0	0	0	0	0	0	0	1	1	1	0	1	0	0	0	132	0	0	0	0	0	0	0	17311	16	124	124	NORM	PA_E	8	0
20131205-065044	15504	990244	4503499	1758028	2745471	1420501	19304	0	0	0	0	0	0	0	0	1	1	1	0	1	0	0	0	132	0	0	0	0	0	0	0	17356	15	124	124	NORM	PA_E	8	0
20131205-065047	15504	990244	4503499	1758028	2745471	1420501	19304	0	0	0	0	0	0	0	0	1	1	1	0	1	0	0	0	132	0	0	0	0	0	0	0	17382	15	124	124	NORM	PA_E	8	0
20131205-065051	15504	990244	4503499	1758028	2745471	1420501	19304	0	0	0	0	0	0	0	0	1	1	1	0	1	0	0	0	132	0	0	0	0	0	64720	64727	17399	192	1253	1253	NORM	PA_E	8	0
20131205-065055	15504	990244	4503499	1758028	2745471	1420501	19304	0	0	0	0	0	0	0	0	1	1	1	0	1	0	0	0	132	0	65145	0	2120	0	64479	64394	17365	345	2248	2533	NORM	PA_E	8	0
20131205-065059	15504	990244	4503499	1758028	2745471	1420501	19304	0	0	0	0	0	0	0	0	1	1	1	0	1	0	0	0	132	0	64502	0	5589	0	63433	63443	17410	760	5004	5004	NORM	PA_E	8	0
20131205-065102	15504	990244	4503499	1758028	2745471	1420501	19304	0	0	0	0	0	0	0	0	1	1	1	0	1	0	0	0	132	0	64502	0	5589	0	63432	63441	17447	735	4844	4844	NORM	PA_E	8	0
20131205-065106	15504	990244	4503499	1758028	2745471	1420501	19304	0	0	0	0	0	0	0	0	1	1	1	0	1	0	0	0	132	0	65239	0	1734	0	64865	64877	17427	209	1368	1368	NORM	PA_E	8	0
20131205-065110	15504	990244	4503499	1758028	2745471	1420501	19304	0	0	0	0	0	0	0	0	1	1	1	0	1	0	0	0	132	0	64634	0	4947	0	63622	63613	17472	591	4008	4008	NORM	PA_E	8	0
20131205-065114	15504	990244	4503499	1758028	2745471	1420501	19304	0	0	0	0	0	0	0	0	1	1	1	0	1	0	0	0	132	0	64361	0	6360	0	63148	63140	17472	781	5172	5172	NORM	PA_E	8	0
20131205-065117	15504	990244	4503499	1758028	2745471	1420502	19304	0	0	0	0	0	0	0	0	1	1	1	0	1	0	0	0	132	0	64419	0	6039	0	63999	64034	17410	612	3884	3884	NORM	PA_E	8	0
20131205-065121	15504	990244	4503499	1758028	2745471	1420502	19304	0	0	0	0	0	0	0	0	1	1	1	0	1	0	0	0	132	0	64812	0	3919	0	64065	64108	17405	438	2888	2888	NORM	PA_E	8	0
20131205-065125	15504	990244	4503499	1758028	2745471	1420502	19304	0	0	0	0	0	0	0	0	1	1	1	0	1	0	0	0	132	0	64931	0	3276	0	64302	64298	17439	352	2408	2408	NORM	PA_E	8	0
20131205-065129	15504	990244	4503499	1758028	2745471	1420502	19304	0	0	0	0	0	0	0	0	1	1	1	0	1	0	0	0	132	0	64931	0	3276	0	64289	64293	17444	370	2417	2417	NORM	PA_E	8	0
20131205-065132	15504	990244	4503499	1758028	2745471	1420502	19304	0	0	0	0	0	0	0	0	1	1	1	0	1	0	0	0	132	0	64907	0	3405	0	64213	64244	17441	378	2479	2479	NORM	PA_E	8	0
20131205-065136	15504	990244	4503499	1758028	2745471	1420502	19304	0	0	0	0	0	0	0	0	1	1	1	0	1	0	0	0	132	0	64741	0	4304	0	63919	63920	17468	466	3101	3101	NORM	PA_E	8	0
20131205-065140	15504	990244	4503499	1758028	2745471	1420502	19304	0	0	0	0	0	0	0	0	1	1	1	0	1	0	0	0	132	0	64741	0	4304	0	63911	63908	17450	465	3057	3057	NORM	PA_E	8	0
20131205-065144	15504	990244	4503499	1758038	2745461	1420502	19304	0	0	0	0	0	0	0	0	1	1	1	0	1	0	0	0	132	0	64741	0	4304	0	63906	63901	17450	450	2950	2950	NORM	PA_E	8	0
20131205-065147	15504	990244	4503499	1758038	2745461	1420502	19304	0	0	0	0	0	0	0	0	1	1	1	0	1	0	0	0	132	0	64764	0	4176	0	63952	63952	17430	426	2782	2782	NORM	PA_E	8	0
20131205-065151	15504	990244	4503499	1758038	2745461	1420502	19304	0	0	0	0	0	0	0	0	1	1	1	0	1	0	0	0	132	0	65454	0	449	0	65309	65292	17411	30	186	195	NORM	PA_E	8	0
20131205-065155	15504	990244	4503499	1758038	2745461	1420502	19304	0	0	0	0	0	0	0	0	1	1	1	0	1	0	0	0	132	0	65073	0	2505	0	64574	64593	17407	249	1617	1617	NORM	PA_E	8	0
20131205-065159	15504	990244	4503499	1758038	2745461	1420502	19304	0	0	0	0	0	0	0	0	1	1	1	0	1	0	0	0	132	0	65073	0	2505	0	64580	64554	17398	245	1608	1608	NORM	PA_E	8	0
20131205-065202	15504	990244	4503499	1758038	2745461	1420503	19304	0	0	0	0	0	0	0	0	1	1	1	0	1	0	0	0	132	0	65049	0	2634	0	64542	64540	17438	255	1679	1679	NORM	PA_E	8	0
20131205-065206	15504	990244	4503499	1758038	2745461	1420503	19304	0	0	0	0	0	0	0	0	1	1	1	0	1	0	0	0	132	0	65049	0	2634	0	64547	64536	17417	257	1679	1688	NORM	PA_E	8	0
20131205-065210	15504	990244	4503499	1758038	2745461	1420503	19304	0	0	0	0	0	0	0	0	1	1	1	0	1	0	0	0	132	0	63932	0	8673	0	62332	62341	17463	800	5288	5288	NORM	PA_E	8	0
20131205-065214	15504	990244	4503499	1758038	2745461	1420503	19304	0	0	0	0	0	0	0	0	1	1	1	0	1	0	0	0	132	0	64312	0	6617	0	63038	63048	17411	583	3830	3813	NORM	PA_E	8	0
20131205-065217	15504	990244	4503499	1758038	2745461	1420503	19304	0	0	0	0	0	0	0	0	1	1	1	0	1	0	0	0	132	0	65192	0	1863	0	64832	65165	17403	146	951	951	NORM	PA_E	8	0
20131205-065221	15504	990244	4503499	1758038	2745461	1420503	19304	0	0	0	0	0	0	0	0	1	1	1	0	1	0	0	0	132	0	0	0	0	0	0	0	17389	1	88	88	NORM	PA_E	8	0
20131205-065225	15504	990244	4503499	1758038	2745461	1420503	19304	0	0	0	0	0	0	0	0	1	1	1	0	1	0	0	0	132	0	0	0	0	0	0	0	17378	1	97	97	NORM	PA_E	8	0
20131205-065229	15504	990244	4503499	1758038	2745461	1420503	19304	0	0	0	0	0	0	0	0	1	1	1	0	1	0	0	0	132	0	0	0	0	0	0	0	17365	12	115	115	NORM	PA_E	8	0
20131205-065232	15504	990244	4503499	1758038	2745461	1420503	19304	0	0	0	0	0	0	0	0	1	1	1	0	1	0	0	0	132	0	0	0	0	0	0	0	17325	23	151	151	NORM	PA_E	8	0
20131205-065236	15504	990244	4503499	1758038	2745461	1420503	19304	0	0	0	0	0	0	0	0	1	1	1	0	1	0	0	0	132	0	1030	12024	0	0	2043	1488	17301	737	4950	4452	NORM	PA_E	8	0
20131205-065240	15504	990244	4503499	1758038	2745461	1420503	19304	0	0	0	0	0	0	0	0	1	1	1	0	1	0	0	0	132	0	0	0	0	0	0	0	17338	26	159	159	NORM	PA_E	8	0
20131205-065243	15504	990244	4503500	1758045	2745455	1420503	19304	0	0	0	0	0	0	0	0	1	1	1	0	1	0	0	0	132	0	0	0	0	0	0	0	17353	24	159	159	NORM	PA_E	8	0
20131205-065247	15504	990244	4503500	1758045	2745455	1420503	19304	0	0	0	0	0	0	0	0	1	1	1	0	1	0	0	0	132	0	64146	0	7902	0	62484	62256	17402	788	5519	5519	NORM	PA_E	8	0
20131205-065251	15504	990244	4503500	1758045	2745455	1420503	19304	0	0	0	0	0	0	0	0	1	1	1	0	1	0	0	0	132	0	63647	0	10215	0	61594	61595	17441	966	6381	6381	NORM	PA_E	8	0
20131205-065255	15504	990244	4503500	1758045	2745455	1420504	19304	0	0	0	0	0	0	0	0	1	1	1	0	1	0	0	0	132	0	0	0	0	0	0	0	17320	27	159	159	NORM	PA_E	8	0
20131205-065258	15504	990244	4503500	1758045	2745455	1420504	19304	0	0	0	0	0	0	0	0	1	1	1	0	1	0	0	0	132	0	64336	0	6489	0	63095	63084	17376	577	3813	3813	NORM	PA_E	8	0
20131205-065302	15504	990244	4503500	1758045	2745455	1420504	19304	0	0	0	0	0	0	0	0	1	1	1	0	1	0	0	0	132	0	64395	0	6168	0	64697	64692	17337	279	2044	2044	NORM	PA_E	8	0
20131205-065306	15504	990244	4503500	1758045	2745455	1420504	19304	0	0	0	0	0	0	0	0	1	1	1	0	1	0	0	0	132	0	0	0	0	0	0	0	17352	21	142	142	NORM	PA_E	8	0
20131205-065310	15504	990244	4503500	1758045	2745455	1420504	19304	0	0	0	0	0	0	0	0	1	1	1	0	1	0	0	0	132	0	0	0	0	0	0	0	17335	21	142	133	NORM	PA_E	8	0
20131205-065313	15504	990244	4503500	1758045	2745455	1420504	19304	0	0	0	0	0	0	0	0	1	1	1	0	1	0	0	0	132	0	2	26	0	0	0	11	17373	55	311	311	NORM	PA_E	8	0
20131205-065317	15504	990244	4503500	1758045	2745455	1420504	19304	0	0	0	0	0	0	0	0	1	1	1	0	1	0	0	0	132	0	0	0	0	0	0	0	17352	20	133	133	NORM	PA_E	8	0
20131205-065321	15504	990244	4503500	1758045	2745455	1420504	19304	0	0	0	0	0	0	0	0	1	1	1	0	1	0	0	0	132	0	0	0	0	0	0	0	17329	21	133	133	NORM	PA_E	8	0
20131205-065324	15504	990244	4503500	1758045	2745455	1420504	19304	0	0	0	0	0	0	0	0	1	1	1	0	1	0	0	0	132	0	0	0	0	0	0	0	17296	20	142	142	NORM	PA_E	8	0
20131205-065328	15504	990244	4503500	1758045	2745455	1420504	19304	0	0	0	0	0	0	0	0	1	1	1	0	1	0	0	0	132	0	0	0	0	0	0	0	17320	21	133	133	NORM	PA_E	8	0
20131205-065332	15504	990244	4503500	1758045	2745455	1420504	19304	0	0	0	0	0	0	0	0	1	1	1	0	1	0	0	0	132	0	0	0	0	0	0	0	17298	15	124	124	NORM	PA_E	8	0
20131205-065336	15504	990244	4503500	1758045	2745455	1420504	19304	0	0	0	0	0	0	0	0	1	1	1	0	1	0	0	0	132	0	0	0	0	0	0	0	17358	16	124	133	NORM	PA_E	8	0
20131205-065339	15504	990244	4503500	1758045	2745455	1420504	19304	0	0	0	0	0	0	0	0	1	1	1	0	1	0	0	0	132	0	0	0	0	0	0	0	17334	20	133	133	NORM	PA_E	8	0
20131205-065343	15504	990244	4503501	1758049	2745452	1420504	19304	0	0	0	0	0	0	0	0	1	1	1	0	1	0	0	0	132	0	0	0	0	0	0	0	17371	19	133	133	NORM	PA_E	8	0
20131205-065347	15504	990244	4503501	1758049	2745452	1420504	19304	0	0	0	0	0	0	0	0	1	1	1	0	1	0	0	0	132	0	0	0	0	0	0	0	17387	20	133	133	NORM	PA_E	8	0
20131205-065351	15504	990244	4503501	1758049	2745452	1420504	19304	0	0	0	0	0	0	0	0	1	1	1	0	1	0	0	0	132	0	65406	0	706	0	65252	65254	17374	1	53	53	NORM	PA_E	8	0
20131205-065354	15504	990244	4503501	1758049	2745452	1420504	19304	0	0	0	0	0	0	0	0	1	1	1	0	1	0	0	0	132	0	65145	0	2120	0	64731	64727	17343	95	622	622	NORM	PA_E	8	0
20131205-065358	15504	990244	4503501	1758049	2745452	1420505	19304	0	0	0	0	0	0	0	0	1	1	1	0	1	0	0	0	132	0	65145	0	2120	0	64725	64729	17352	103	631	631	NORM	PA_E	8	0
20131205-065402	15504	990244	4503501	1758049	2745452	1420505	19304	0	0	0	0	0	0	0	0	1	1	1	0	1	0	0	0	132	0	64111	0	8866	0	62162	62046	17361	411	2737	2737	NORM	PA_E	8	0
20131205-065406	15504	990244	4503501	1758049	2745452	1420505	19304	0	0	0	0	0	0	0	1	1	1	1	0	1	0	0	0	132	0	63385	0	11629	0	61183	61181	17334	430	2799	2799	NORM	PA_E	8	0
20131205-065409	15504	990244	4503501	1758049	2745452	1420505	19304	0	0	0	0	0	0	0	1	1	1	1	0	1	0	0	0	132	0	63005	0	13942	0	60326	59813	17298	313	2053	2053	NORM	PA_E	8	0
20131205-065413	15504	990244	4503501	1758049	2745452	1420505	19304	0	0	0	0	0	0	0	1	1	1	1	0	1	0	0	0	132	0	62802	0	14777	6617	63455	63451	17319	43	248	248	NORM	PA_E	8	0
20131205-065417	15504	990244	4503501	1758049	2745452	1420505	19304	0	0	0	0	0	0	0	1	1	1	1	0	1	1	0	0	134	0	65404	0	578	578	0	0	17284	0	88	88	NORM	PA_E	8	0
20131205-065420	15504	990244	4503501	1758049	2745452	1420505	19304	0	0	0	0	0	0	0	1	1	1	1	1	1	1	0	0	134	0	63922	0	8609	8673	0	0	17287	0	97	97	NORM	CH_I	9	0
20131205-065424	15504	990244	4503501	1758049	2745452	1420505	19304	0	0	0	0	0	0	0	1	1	1	1	1	1	1	0	0	134	0	63922	0	8609	8609	0	0	17284	1	88	88	NORM	CH_E	9	0
20131205-065428	15504	990244	4503501	1758049	2745452	1420505	19304	0	0	0	0	0	0	0	1	1	1	1	1	1	1	0	0	134	0	63933	0	8545	8545	0	0	17243	9	106	106	NORM	CH_E	9	0
20131205-065431	15504	990244	4503501	1758049	2745452	1420505	19304	0	0	0	0	0	0	0	1	1	1	1	1	1	1	0	0	134	0	63946	0	8481	8481	0	0	17258	27	177	177	NORM	CH_E	9	0
20131205-065435	15504	990244	4503501	1758049	2745452	1420505	19304	0	0	0	0	0	0	0	1	1	1	1	1	1	1	0	0	134	0	63946	0	8481	8481	0	0	17185	27	177	177	NORM	CH_E	9	0
20131205-065439	15504	990244	4503501	1758049	2745452	1420505	19304	0	0	0	0	0	0	0	1	1	1	1	1	1	0	0	0	134	0	63957	0	8416	8416	0	0	17124	33	213	213	NORM	CH_E	9	0
20131205-065443	15504	990244	4503501	1758052	2745449	1420505	19304	0	0	0	0	0	0	0	1	1	1	1	1	1	0	0	0	134	0	63970	0	8352	8352	0	0	17084	42	266	266	NORM	CH_E	9	0
20131205-065446	15504	990244	4503501	1758052	2745449	1420505	19304	0	0	0	0	0	0	0	1	1	1	1	1	1	0	0	0	134	0	1238	6027	0	0	2836	3051	17027	72	471	497	NORM	CH_E	9	0
20131205-065450	15504	990244	4503501	1758052	2745449	1420505	19304	0	0	0	0	0	0	0	1	1	1	1	0	1	0	0	0	133	0	2686	12030	0	0	5524	5472	16927	352	2399	2399	NORM	PA_I	9	0
20131205-065454	15504	990244	4503501	1758052	2745449	1420505	19304	0	0	0	0	0	0	0	1	1	1	1	0	1	0	0	0	133	0	2994	13411	0	0	6230	6232	16862	788	5297	5297	NORM	PA_E	9	0
20131205-065457	15504	990244	4503501	1758052	2745449	1420505	19304	0	0	0	0	0	0	0	1	1	1	1	0	1	0	0	0	133	0	2724	15602	0	0	5215	5220	16786	1090	7146	7146	NORM	PA_E	9	0
20131205-065501	15504	990244	4503501	1758052	2745449	1420505	19304	0	0	0	0	0	0	0	0	1	1	1	0	1	0	0	0	133	0	4	33	0	0	1	0	16798	180	871	657	NORM	PA_E	9	0
20131205-065505	15504	990244	4503501	1758052	2745449	1420505	19304	0	0	0	0	0	0	0	0	1	1	1	0	1	0	0	0	133	0	1896	14719	0	0	3978	3967	16883	976	6479	6479	NORM	PA_E	9	0
20131205-065509	15504	990244	4503501	1758052	2745449	1420505	19304	0	0	0	0	0	0	0	0	1	1	1	0	1	0	0	0	133	0	1818	16460	0	0	3637	3529	16828	1088	7172	7137	NORM	PA_E	9	0
20131205-065512	15504	990244	4503501	1758052	2745449	1420505	19304	0	0	0	0	0	0	0	0	1	1	1	0	1	0	0	0	133	0	4	40	0	0	0	0	16913	128	657	657	NORM	PA_E	9	0
20131205-065516	15504	990244	4503501	1758052	2745449	1420505	19304	0	0	0	0	0	0	0	0	1	1	1	0	1	0	0	0	133	0	0	0	0	0	0	15	17003	59	391	391	NORM	PA_E	9	0
20131205-065520	15504	990244	4503501	1758052	2745449	1420505	19304	0	0	0	0	0	0	0	0	1	1	1	0	1	0	0	0	133	0	626	5768	0	0	1501	1496	17070	419	2773	2773	NORM	PA_E	9	0
20131205-065523	15504	990244	4503501	1758052	2745449	1420505	19304	0	0	0	0	0	0	0	0	1	1	1	0	1	0	0	0	133	0	307	2884	0	0	630	624	17424	265	1546	1546	NORM	PA_E	9	0
20131205-065527	15504	990244	4503501	1758052	2745449	1420505	19304	0	0	0	0	0	0	0	0	1	1	1	0	1	0	0	0	133	0	378	3480	0	0	807	817	17673	197	1386	1386	NORM	PA_E	9	0
20131205-065531	15504	990244	4503501	1758052	2745449	1420505	19304	0	0	0	0	0	0	0	0	1	1	1	0	1	0	0	0	133	0	398	3641	0	0	804	771	17736	254	1670	1670	NORM	PA_E	9	0
20131205-065535	15504	990244	4503501	1758052	2745449	1420505	19304	0	0	0	0	0	0	0	0	1	1	1	0	1	0	0	0	133	0	681	6262	0	0	1352	1352	17758	402	2630	2639	NORM	PA_E	9	0
20131205-065538	15504	990244	4503501	1758052	2745449	1420505	19304	0	0	0	0	0	0	0	0	1	1	1	0	1	0	0	0	133	0	659	6199	0	0	1315	1310	17640	408	2657	2657	NORM	PA_E	9	0
20131205-065542	15504	990244	4503501	1758052	2745449	1420505	19304	0	0	0	0	0	0	0	0	1	1	1	0	1	0	0	0	133	0	975	9420	0	0	1956	1953	17679	597	3955	3955	NORM	PA_E	9	0
20131205-065546	15504	990244	4503513	1758052	2745461	1420505	19304	0	0	0	0	0	0	0	0	1	1	1	0	1	0	0	0	133	0	952	9544	0	0	1893	1886	17618	609	4008	4008	NORM	PA_E	9	0
20131205-065549	15504	990244	4503513	1758052	2745461	1420506	19304	0	0	0	0	0	0	0	0	1	1	1	0	1	0	0	0	133	0	979	10130	0	0	1982	1976	17364	651	4284	4310	NORM	PA_E	9	0
20131205-065553	15504	990244	4503513	1758052	2745461	1420506	19304	0	0	0	0	0	0	0	0	1	1	1	0	1	0	0	0	133	0	950	10170	0	0	1922	1901	17366	654	4284	4284	NORM	PA_E	9	0
20131205-065557	15504	990244	4503513	1758052	2745461	1420506	19304	0	0	0	0	0	0	0	0	1	1	1	0	1	0	0	0	133	0	1450	16465	0	0	2874	2884	17429	1034	6835	6835	NORM	PA_E	9	0
20131205-065600	15504	990244	4503513	1758052	2745461	1420506	19304	0	0	0	0	0	0	0	0	1	1	1	0	1	0	0	0	133	0	421	4997	0	0	1	6	17416	340	1875	1875	NORM	PA_E	9	0
20131205-065604	15504	990244	4503513	1758052	2745461	1420506	19304	0	0	0	0	0	0	0	0	1	1	1	0	1	0	0	0	133	0	0	0	0	0	0	0	17417	36	231	231	NORM	PA_E	9	0
20131205-065608	15504	990244	4503513	1758052	2745461	1420506	19304	0	0	0	0	0	0	0	0	1	1	1	0	1	0	0	0	133	0	0	0	0	0	0	0	17420	32	195	195	NORM	PA_E	9	0
20131205-065612	15504	990244	4503513	1758052	2745461	1420506	19304	0	0	0	0	0	0	0	0	1	1	1	0	1	0	0	0	133	0	65046	0	2634	0	64242	64213	17429	276	1742	1742	NORM	PA_E	9	0
20131205-065615	15504	990244	4503513	1758052	2745461	1420506	19304	0	0	0	0	0	0	0	0	1	1	1	0	1	0	0	0	133	0	64280	0	6746	0	62979	63009	17441	546	3653	3653	NORM	PA_E	9	0
20131205-065619	15504	990244	4503513	1758052	2745461	1420506	19304	0	0	0	0	0	0	0	0	1	1	1	0	1	0	0	0	133	0	63765	0	9958	0	61633	61637	17447	752	5030	5030	NORM	PA_E	9	0
20131205-065623	15504	990244	4503513	1758052	2745461	1420506	19304	0	0	0	0	0	0	0	0	1	1	1	0	1	0	0	0	133	0	63489	0	10986	0	61345	61329	17555	708	4692	4692	NORM	PA_E	9	0
20131205-065627	15504	990244	4503513	1758052	2745461	1420506	19304	0	0	0	0	0	0	0	0	1	1	1	0	1	0	0	0	133	0	63705	0	9830	0	61843	61814	17629	524	3439	3439	NORM	PA_E	9	0
20131205-065630	15504	990244	4503513	1758052	2745461	1420506	19304	0	0	0	0	0	0	0	0	1	1	1	0	1	0	0	0	133	0	64076	0	7838	0	62591	62584	17484	331	2097	2097	NORM	PA_E	9	0
20131205-065634	15504	990244	4503513	1758052	2745461	1420506	19304	0	0	0	0	0	0	0	1	1	1	1	0	1	0	0	0	133	0	64364	0	6296	0	63171	63168	17394	216	1404	1404	NORM	PA_E	9	0
20131205-065638	15504	990244	4503513	1758052	2745461	1420506	19304	0	0	0	0	0	0	0	1	1	1	1	0	1	0	0	0	133	0	63849	0	9059	0	62096	62076	17542	261	1715	1715	NORM	PA_E	9	0
20131205-065642	15504	990244	4503513	1758052	2745461	1420506	19304	0	0	0	0	0	0	0	1	1	1	1	0	1	0	0	0	133	0	63143	0	12850	0	60600	60623	17462	261	1715	1715	NORM	PA_E	9	0
20131205-065645	15504	990244	4503520	1758057	2745463	1420506	19304	0	0	0	0	0	0	0	1	1	1	1	0	1	0	0	0	133	0	62483	0	14263	4626	62422	62857	17542	88	497	364	NORM	PA_E	9	0
20131205-065649	15504	990244	4503520	1758057	2745463	1420506	19304	0	0	0	0	0	0	0	1	1	1	1	0	1	0	0	0	133	0	63382	0	11565	11565	0	0	17532	36	239	239	NORM	PA_E	9	0
20131205-065653	15504	990244	4503520	1758057	2745463	1420506	19304	0	0	0	0	0	0	0	1	1	1	1	1	1	1	0	0	133	0	63980	0	8352	8352	0	0	17524	38	248	248	NORM	CH_I	10	0
20131205-065656	15504	990244	4503520	1758057	2745463	1420506	19304	0	0	0	0	0	0	0	1	1	1	1	1	1	1	0	0	133	0	63921	0	8673	8673	0	0	17541	38	248	248	NORM	CH_E	10	0
20131205-065700	15504	990244	4503520	1758057	2745463	1420506	19304	0	0	0	0	0	0	0	1	1	1	1	1	1	1	0	0	134	0	63922	0	8609	8673	0	0	17447	38	257	257	NORM	CH_E	10	0
20131205-065704	15504	990244	4503520	1758057	2745463	1420506	19304	0	0	0	0	0	0	0	1	1	1	1	1	1	0	0	0	134	0	63909	0	8545	8545	0	0	17439	42	275	275	NORM	CH_E	10	0
20131205-065707	15504	990244	4503520	1758057	2745463	1420506	19304	0	0	0	0	0	0	0	1	1	1	1	1	1	0	0	0	134	0	63933	0	8545	8545	0	0	17427	36	231	231	NORM	CH_E	10	0
20131205-065711	15504	990244	4503520	1758057	2745463	1420506	19304	0	0	0	0	0	0	0	1	1	1	1	0	1	0	0	0	133	0	1564	7041	0	0	3442	3454	17423	108	728	728	NORM	PA_I	10	0
20131205-065715	15504	990244	4503520	1758057	2745463	1420506	19304	0	0	0	0	0	0	0	1	1	1	1	0	1	0	0	0	133	0	3215	14398	0	0	6437	6444	17376	619	4106	4106	NORM	PA_E	10	0
20131205-065719	15504	990244	4503520	1758057	2745463	1420506	19304	0	0	0	0	0	0	0	1	1	1	1	0	1	0	0	0	133	0	3087	16582	0	0	5859	5850	17372	1129	7439	7439	NORM	PA_E	10	0
20131205-065722	15504	990244	4503520	1758057	2745463	1420506	19304	0	0	0	0	0	0	0	0	1	1	1	0	1	0	0	0	133	0	2182	16419	0	0	4270	4297	17363	1063	6977	6977	NORM	PA_E	10	0
20131205-065726	15504	990244	4503520	1758057	2745463	1420506	19304	0	0	0	0	0	0	0	0	1	1	1	0	1	0	0	0	133	0	1803	16439	0	0	3534	3547	17323	1045	6870	6870	NORM	PA_E	10	0
20131205-065730	15504	990244	4503520	1758057	2745463	1420507	19304	0	0	0	0	0	0	0	0	1	1	1	0	1	0	0	0	133	0	1552	16447	0	0	3057	3062	17340	1037	6852	6852	NORM	PA_E	10	0
20131205-065733	15504	990244	4503520	1758057	2745463	1420507	19304	0	0	0	0	0	0	0	0	1	1	1	0	1	0	0	0	133	0	1383	16380	0	0	2745	2750	17334	1033	6826	6826	NORM	PA_E	10	0
20131205-065737	15504	990244	4503520	1758057	2745463	1420507	19304	0	0	0	0	0	0	0	0	1	1	1	0	1	0	0	0	133	0	1258	16396	0	0	2500	2503	17314	1037	6843	6843	NORM	PA_E	10	0
20131205-065741	15504	990244	4503520	1758057	2745463	1420507	19304	0	0	0	0	0	0	0	0	1	1	1	0	1	0	0	0	133	0	1156	16355	0	0	2304	2312	17308	1033	6799	6799	NORM	PA_E	10	0
20131205-065745	15504	990244	4503532	1758058	2745474	1420507	19304	0	0	0	0	0	0	0	0	1	1	1	0	1	0	0	0	133	0	420	3221	0	0	423	16	17371	470	2977	1830	NORM	PA_E	10	0
20131205-065748	15504	990244	4503532	1758058	2745474	1420507	19304	0	0	0	0	0	0	0	0	1	1	1	0	1	0	0	0	133	0	0	0	0	0	0	0	17368	30	186	186	NORM	PA_E	10	0
20131205-065752	15504	990244	4503532	1758058	2745474	1420507	19304	0	0	0	0	0	0	0	0	1	1	1	0	1	0	0	0	133	0	0	0	0	0	0	0	17341	30	186	186	NORM	PA_E	10	0
20131205-065756	15504	990244	4503532	1758058	2745474	1420507	19304	0	0	0	0	0	0	0	0	1	1	1	0	1	0	0	0	133	0	0	0	0	0	0	0	17268	30	186	186	NORM	PA_E	10	0
20131205-065759	15504	990244	4503532	1758058	2745474	1420507	19304	0	0	0	0	0	0	0	0	1	1	1	0	1	0	0	0	133	0	0	0	0	0	0	0	17290	26	168	168	NORM	PA_E	10	0
20131205-065803	15504	990244	4503532	1758058	2745474	1420507	19304	0	0	0	0	0	0	0	0	1	1	1	0	1	0	0	0	133	0	0	0	0	0	0	0	17260	23	151	151	NORM	PA_E	10	0
20131205-065807	15504	990244	4503532	1758058	2745474	1420507	19304	0	0	0	0	0	0	0	0	1	1	1	0	1	0	0	0	133	0	0	0	0	0	0	0	17225	23	151	151	NORM	PA_E	10	0
20131205-065811	15504	990244	4503532	1758058	2745474	1420508	19304	0	0	0	0	0	0	0	0	1	1	1	0	1	0	0	0	133	0	0	0	0	0	0	0	17231	23	151	151	NORM	PA_E	10	0
20131205-065814	15504	990244	4503532	1758058	2745474	1420508	19304	0	0	0	0	0	0	0	0	1	1	1	0	1	0	0	0	133	0	63657	0	10151	2184	62528	62514	17261	984	6541	6541	NORM	PA_E	10	0
20131205-065818	15504	990244	4503532	1758058	2745474	1420508	19304	0	0	0	0	0	0	0	0	1	1	1	0	1	0	0	0	133	0	63034	0	13428	4626	62187	62170	17222	988	6541	6541	NORM	PA_E	10	0
20131205-065822	15504	990244	4503532	1758058	2745474	1420508	19304	0	0	0	0	0	0	0	0	1	1	1	0	1	0	0	0	133	0	63477	0	11051	1156	61784	61917	17283	979	6515	6381	NORM	PA_E	10	0
20131205-065826	15504	990244	4503532	1758058	2745474	1420508	19304	0	0	0	0	0	0	0	0	1	1	1	0	1	0	0	0	133	0	64291	0	6682	0	63332	63314	17265	592	3839	3839	NORM	PA_E	10	0
20131205-065829	15504	990244	4503532	1758058	2745474	1420508	19304	0	0	0	0	0	0	0	0	1	1	1	0	1	0	0	0	133	0	64280	0	6746	0	62975	63013	17275	582	3830	3830	NORM	PA_E	10	0
20131205-065833	15504	990244	4503532	1758058	2745474	1420508	19304	0	0	0	0	0	0	0	0	1	1	1	0	1	0	0	0	133	0	64603	0	3533	0	64520	64383	17239	298	1884	1884	NORM	PA_E	10	0
20131205-065837	15504	990244	4503532	1758058	2745474	1420508	19304	0	0	0	0	0	0	0	0	1	1	1	0	1	0	0	0	133	0	64136	0	8609	0	62235	62250	17296	621	4133	4133	NORM	PA_E	10	0
20131205-065841	15504	990244	4503532	1758058	2745474	1420508	19304	0	0	0	0	0	0	0	0	1	1	1	0	1	0	0	0	133	0	63442	0	11243	0	61297	61280	17201	736	4844	4844	NORM	PA_E	10	0
20131205-065844	15504	990244	4503535	1758067	2745468	1420508	19304	0	0	0	0	0	0	0	0	1	1	1	0	1	0	0	0	133	0	63885	0	8288	0	62633	62529	17129	461	2782	2782	NORM	PA_E	10	0
20131205-065848	15504	990244	4503535	1758067	2745468	1420508	19304	0	0	0	0	0	0	0	0	1	1	1	0	1	0	0	0	133	0	64231	0	7003	0	62888	62881	17108	297	1946	1946	NORM	PA_E	10	0
20131205-065852	15504	990244	4503535	1758067	2745468	1420508	19304	0	0	0	0	0	0	0	1	1	1	1	0	1	0	0	0	133	0	63921	0	8802	0	62136	62129	17049	309	2017	2017	NORM	PA_E	10	0
20131205-065856	15504	990244	4503535	1758067	2745468	1420508	19304	0	0	0	0	0	0	0	1	1	1	1	0	1	0	0	0	133	0	63322	0	12143	0	60814	60770	17043	290	1893	1875	NORM	PA_E	10	0
20131205-065859	15504	990244	4503535	1758067	2745468	1420508	19304	0	0	0	0	0	0	0	1	1	1	1	0	1	0	0	0	133	0	62483	0	16384	3598	62008	62419	16982	94	568	568	NORM	PA_E	10	0
20131205-065903	15504	990244	4503535	1758067	2745468	1420508	19304	0	0	0	0	0	0	0	1	1	1	1	0	1	0	0	0	133	0	64472	0	5718	5397	0	0	16997	39	257	257	NORM	PA_E	10	0
20131205-065907	15504	990244	4503535	1758067	2745468	1420508	19304	0	0	0	0	0	0	0	1	1	1	1	1	1	1	0	0	134	0	63957	0	8416	8416	0	0	17000	40	257	257	NORM	CH_I	11	0
20131205-065910	15504	990244	4503535	1758067	2745468	1420508	19304	0	0	0	0	0	0	0	1	1	1	1	1	1	1	0	0	134	0	63922	0	8609	8673	0	0	17007	40	248	248	NORM	CH_E	11	0
20131205-065914	15504	990244	4503535	1758067	2745468	1420508	19304	0	0	0	0	0	0	0	1	1	1	1	1	1	1	0	0	134	0	63922	0	8609	8609	0	0	17185	39	257	257	NORM	CH_E	11	0
20131205-065918	15504	990244	4503535	1758067	2745468	1420508	19304	0	0	0	0	0	0	0	1	1	1	1	1	1	1	0	0	134	0	63933	0	8545	8545	0	0	17198	34	213	213	NORM	CH_E	11	0
20131205-065921	15504	990244	4503535	1758067	2745468	1420508	19304	0	0	0	0	0	0	0	1	1	1	1	1	1	0	0	0	134	0	63933	0	8481	8481	0	0	17503	33	213	213	NORM	CH_E	11	0
20131205-065925	15504	990244	4503535	1758067	2745468	1420508	19304	0	0	0	0	0	0	0	1	1	1	1	1	1	0	0	0	134	0	63933	0	8481	8481	0	0	17508	27	177	177	NORM	CH_E	11	0
20131205-065929	15504	990244	4503535	1758067	2745468	1420508	19304	0	0	0	0	0	0	0	1	1	1	1	1	1	0	0	0	134	0	64773	3436	3726	3726	1871	1865	17408	40	275	275	NORM	CH_E	11	0
20131205-065933	15504	990244	4503535	1758067	2745468	1420508	19304	0	0	0	0	0	0	0	1	1	1	1	0	1	0	0	0	134	0	2437	10917	0	0	4867	4873	17372	228	1519	1519	NORM	PA_I	11	0
20131205-065936	15504	990244	4503535	1758067	2745468	1420508	19304	0	0	0	0	0	0	0	1	1	1	1	0	1	0	0	0	134	0	3112	13936	0	0	6260	6232	17331	657	4390	4390	NORM	PA_E	11	0
20131205-065940	15504	990244	4503535	1758067	2745468	1420508	19304	0	0	0	0	0	0	0	1	1	1	1	0	1	0	0	0	134	0	3099	16437	0	0	5922	5929	17358	1126	7412	7412	NORM	PA_E	11	0
20131205-065944	15504	990244	4503538	1758070	2745468	1420508	19304	0	0	0	0	0	0	0	0	1	1	1	0	1	0	0	0	134	0	2237	16365	0	0	4454	4482	17274	1069	7039	7039	NORM	PA_E	11	0
20131205-065947	15504	990244	4503538	1758070	2745468	1420508	19304	0	0	0	0	0	0	0	0	1	1	1	0	1	0	0	0	134	0	1872	16410	0	0	3731	3711	17341	1049	6923	6923	NORM	PA_E	11	0
20131205-065951	15504	990244	4503538	1758070	2745468	1420509	19304	0	0	0	0	0	0	0	0	1	1	1	0	1	0	0	0	134	0	1630	16343	0	0	3260	3246	17390	1041	6870	6879	NORM	PA_E	11	0
20131205-065955	15504	990244	4503538	1758070	2745468	1420509	19304	0	0	0	0	0	0	0	0	1	1	1	0	1	0	0	0	134	0	1458	16400	0	0	2892	2901	17421	1036	6843	6843	NORM	PA_E	11	0
20131205-065958	15504	990244	4503538	1758070	2745468	1420509	19304	0	0	0	0	0	0	0	0	1	1	1	0	1	0	0	0	134	0	1319	16436	0	0	2607	2616	17415	1033	6808	6808	NORM	PA_E	11	0
20131205-070002	15504	990244	4503538	1758070	2745468	1420509	19304	0	0	0	0	0	0	0	0	1	1	1	0	1	0	0	0	134	0	1195	16393	0	0	2394	2380	17371	1035	6817	6817	NORM	PA_E	11	0
20131205-070006	15504	990244	4503538	1758070	2745468	1420509	19304	0	0	0	0	0	0	0	0	1	1	1	0	1	0	0	0	134	0	1115	16402	0	0	2213	2216	17423	1030	6772	6772	NORM	PA_E	11	0
20131205-070010	15504	990244	4503538	1758070	2745468	1420509	19304	0	0	0	0	0	0	0	0	1	1	1	0	1	0	0	0	134	0	1039	16363	0	0	2084	2084	17418	1030	6772	6772	NORM	PA_E	11	0
20131205-070013	15504	990244	4503538	1758070	2745468	1420509	19304	0	0	0	0	0	0	0	0	1	1	1	0	1	0	0	0	134	0	986	16408	0	0	1960	1953	17435	1029	6763	6763	NORM	PA_E	11	0
20131205-070017	15504	990244	4503538	1758070	2745468	1420509	19304	0	0	0	0	0	0	0	0	1	1	1	0	1	0	0	0	134	0	0	0	0	0	0	0	17516	35	195	195	NORM	PA_E	11	0
20131205-070021	15504	990244	4503538	1758070	2745468	1420509	19304	0	0	0	0	0	0	0	0	1	1	1	0	1	0	0	0	134	0	0	0	0	0	0	0	17578	25	168	168	NORM	PA_E	11	0
20131205-070025	15504	990244	4503538	1758070	2745468	1420509	19304	0	0	0	0	0	0	0	0	1	1	1	0	1	0	0	0	134	0	0	0	0	0	0	0	17523	18	124	124	NORM	PA_E	11	0
20131205-070028	15504	990244	4503538	1758070	2745468	1420509	19304	0	0	0	0	0	0	0	0	1	1	1	0	1	0	0	0	134	0	0	0	0	0	0	0	17482	12	106	106	NORM	PA_E	11	0
20131205-070032	15504	990244	4503538	1758070	2745468	1420510	19304	0	0	0	0	0	0	0	0	1	1	1	0	1	0	0	0	134	0	0	0	0	0	0	0	17552	21	142	142	NORM	PA_E	11	0
20131205-070036	15504	990244	4503538	1758070	2745468	1420510	19304	0	0	0	0	0	0	0	0	1	1	1	0	1	0	0	0	134	0	718	11210	0	0	1442	1518	17456	637	4319	4532	NORM	PA_E	11	0
20131205-070039	15504	990244	4503538	1758070	2745468	1420510	19304	0	0	0	0	0	0	0	0	1	1	1	0	1	0	0	0	134	0	811	12849	0	0	1630	1632	17387	795	5235	5235	NORM	PA_E	11	0
20131205-070043	15504	990244	4503557	1758070	2745487	1420510	19304	0	0	0	0	0	0	0	0	1	1	1	0	1	0	0	0	134	0	6	20	0	0	0	4	17397	257	853	853	NORM	PA_E	11	0
20131205-070047	15504	990244	4503557	1758070	2745487	1420510	19304	0	0	0	0	0	0	0	0	1	1	1	0	1	0	0	0	134	0	0	0	0	0	0	0	17481	27	186	186	NORM	PA_E	11	0
20131205-070051	15504	990244	4503557	1758070	2745487	1420510	19304	0	0	0	0	0	0	0	0	1	1	1	0	1	0	0	0	134	0	64995	0	2891	0	64430	64429	17472	354	2337	2337	NORM	PA_E	11	0
20131205-070054	15504	990244	4503557	1758070	2745487	1420510	19304	0	0	0	0	0	0	0	0	1	1	1	0	1	0	0	0	134	0	63861	0	8995	899	62476	62404	17569	955	6319	6319	NORM	PA_E	11	0
20131205-070058	15504	990244	4503557	1758070	2745487	1420510	19304	0	0	0	0	0	0	0	0	1	1	1	0	1	0	0	0	134	0	63643	0	10087	1028	62125	62113	17742	949	6248	6248	NORM	PA_E	11	0
20131205-070102	15504	990244	4503557	1758070	2745487	1420510	19304	0	0	0	0	0	0	0	0	1	1	1	0	1	0	0	0	134	0	63680	0	9830	0	61814	61801	17578	936	6115	6115	NORM	PA_E	11	0
20131205-070105	15504	990244	4503557	1758070	2745487	1420510	19304	0	0	0	0	0	0	0	0	1	1	1	0	1	0	0	0	134	0	63753	0	9444	0	61979	61949	17579	792	5181	5181	NORM	PA_E	11	0
20131205-070109	15504	990244	4503557	1758070	2745487	1420511	19304	0	0	0	0	0	0	0	0	1	1	1	0	1	0	0	0	134	0	63993	0	8159	0	62585	62603	17638	563	3733	3733	NORM	PA_E	11	0
20131205-070113	15504	990244	4503557	1758070	2745487	1420511	19304	0	0	0	0	0	0	0	0	1	1	1	0	1	0	0	0	134	0	64175	0	7260	0	62902	62912	17560	440	2897	2897	NORM	PA_E	11	0
20131205-070117	15504	990244	4503557	1758070	2745487	1420511	19304	0	0	0	0	0	0	0	0	1	1	1	0	1	0	0	0	134	0	64463	0	5718	0	63454	63459	17509	279	1813	1813	NORM	PA_E	11	0
20131205-070120	15504	990244	4503557	1758070	2745487	1420511	19304	0	0	0	0	0	0	0	0	1	1	1	0	1	0	0	0	134	0	64512	0	5461	0	63448	63465	17533	225	1457	1457	NORM	PA_E	11	0
20131205-070124	15504	990244	4503557	1758070	2745487	1420511	19304	0	0	0	0	0	0	0	1	1	1	1	0	1	0	0	0	134	0	63777	0	9444	0	61976	61948	17471	339	2266	2275	NORM	PA_E	11	0
20131205-070128	15504	990244	4503557	1758070	2745487	1420511	19304	0	0	0	0	0	0	0	1	1	1	1	0	1	0	0	0	134	0	63403	0	11372	0	60926	60925	17570	312	2053	2053	NORM	PA_E	11	0
20131205-070132	15504	990244	4503557	1758070	2745487	1420511	19304	0	0	0	0	0	0	0	1	1	1	1	0	1	0	0	0	134	0	62836	0	14392	0	60128	60124	17557	165	959	959	NORM	PA_E	11	0
20131205-070135	15504	990244	4503557	1758070	2745487	1420511	19304	0	0	0	0	0	0	0	1	1	1	1	0	1	0	0	0	134	0	63414	0	11308	10922	0	0	17576	30	186	186	NORM	PA_E	11	0
20131205-070139	15504	990244	4503557	1758070	2745487	1420511	19304	0	0	0	0	0	0	0	1	1	1	1	1	1	1	0	0	134	0	63933	0	8545	8545	0	0	17584	26	177	168	NORM	CH_I	12	0
20131205-070143	15504	990244	4503558	1758081	2745477	1420511	19304	0	0	0	0	0	0	0	1	1	1	1	1	1	1	0	0	134	0	63909	0	8673	8673	0	0	17557	33	204	204	NORM	CH_E	12	0
20131205-070146	15504	990244	4503558	1758081	2745477	1420511	19304	0	0	0	0	0	0	0	1	1	1	1	1	1	1	0	0	134	0	63909	0	8673	8673	0	0	17522	33	213	213	NORM	CH_E	12	0
20131205-070150	15504	990244	4503558	1758081	2745477	1420511	19304	0	0	0	0	0	0	0	1	1	1	1	1	1	0	0	0	134	0	63922	0	8609	8609	0	0	17503	33	204	204	NORM	CH_E	12	0
20131205-070154	15504	990244	4503558	1758081	2745477	1420511	19304	0	0	0	0	0	0	0	1	1	1	1	1	1	0	0	0	134	0	63933	0	8545	8481	0	0	17817	33	204	204	NORM	CH_E	12	0
20131205-070157	15504	990244	4503558	1758081	2745477	1420511	19304	0	0	0	0	0	0	0	1	1	1	1	1	1	0	0	0	133	0	63956	0	8481	8481	0	0	17951	19	142	142	NORM	CH_E	12	0
20131205-070201	15504	990244	4503558	1758081	2745477	1420511	19304	0	0	0	0	0	0	0	1	1	1	1	1	1	0	0	0	133	0	1311	5915	0	0	2779	2768	17971	60	399	399	NORM	CH_E	12	0
20131205-070205	15504	990244	4503558	1758081	2745477	1420511	19304	0	0	0	0	0	0	0	1	1	1	1	0	1	0	0	0	133	0	2163	9759	0	0	4323	4333	17999	267	1795	1795	NORM	PA_I	12	0
20131205-070209	15504	990244	4503558	1758081	2745477	1420511	19304	0	0	0	0	0	0	0	1	1	1	1	0	1	0	0	0	133	0	2954	13328	0	0	5907	5901	17843	697	4639	4639	NORM	PA_E	12	0
20131205-070212	15504	990244	4503558	1758081	2745477	1420511	19304	0	0	0	0	0	0	0	1	1	1	1	0	1	0	0	0	133	0	2868	16497	0	0	5518	5515	17786	1072	7030	7030	NORM	PA_E	12	0
20131205-070216	15504	990244	4503558	1758081	2745477	1420511	19304	0	0	0	0	0	0	0	0	1	1	1	0	1	0	0	0	133	0	2178	16521	0	0	4259	4290	17843	1025	6737	6737	NORM	PA_E	12	0
20131205-070220	15504	990244	4503558	1758081	2745477	1420511	19304	0	0	0	0	0	0	0	0	1	1	1	0	1	0	0	0	133	0	1822	16388	0	0	3609	3566	17832	1011	6657	6648	NORM	PA_E	12	0
20131205-070223	15504	990244	4503558	1758081	2745477	1420511	19304	0	0	0	0	0	0	0	0	1	1	1	0	1	0	0	0	133	0	15	158	0	0	2	4	17753	216	959	959	NORM	PA_E	12	0
20131205-070227	15504	990244	4503558	1758081	2745477	1420511	19304	0	0	0	0	0	0	0	0	1	1	1	0	1	0	0	0	133	0	0	0	0	0	0	0	17552	15	115	115	NORM	PA_E	12	0
20131205-070231	15504	990244	4503558	1758081	2745477	1420511	19304	0	0	0	0	0	0	0	0	1	1	1	0	1	0	0	0	133	0	0	0	0	0	0	0	17537	26	177	177	NORM	PA_E	12	0
20131205-070235	15504	990244	4503558	1758081	2745477	1420511	19304	0	0	0	0	0	0	0	0	1	1	1	0	1	0	0	0	133	0	0	0	0	0	0	0	17505	26	168	168	NORM	PA_E	12	0
20131205-070238	15504	990244	4503558	1758081	2745477	1420511	19304	0	0	0	0	0	0	0	0	1	1	1	0	1	0	0	0	133	0	0	0	0	0	0	0	17503	35	213	213	NORM	PA_E	12	0
20131205-070242	15504	990244	4503558	1758081	2745477	1420511	19304	0	0	0	0	0	0	0	0	1	1	1	0	1	0	0	0	133	0	0	0	0	0	0	0	17341	34	222	222	NORM	PA_E	12	0
20131205-070246	15504	990244	4503565	1758081	2745484	1420511	19304	0	0	0	0	0	0	0	0	1	1	1	0	1	0	0	0	133	0	0	0	0	0	0	0	17472	35	222	222	NORM	PA_E	12	0
20131205-070250	15504	990244	4503565	1758081	2745484	1420511	19304	0	0	0	0	0	0	0	0	1	1	1	0	1	0	0	0	133	0	0	0	0	0	65526	65530	17463	46	319	319	NORM	PA_E	12	0
20131205-070253	15504	990244	4503565	1758081	2745484	1420512	19304	0	0	0	0	0	0	0	0	1	1	1	0	1	0	0	0	133	0	64831	0	3790	0	64094	64082	17423	348	2284	2284	NORM	PA_E	12	0
20131205-070257	15504	990244	4503565	1758081	2745484	1420512	19304	0	0	0	0	0	0	0	0	1	1	1	0	1	0	0	0	133	0	64831	0	3790	0	64095	64089	17451	338	2213	2213	NORM	PA_E	12	0
20131205-070301	15504	990244	4503565	1758081	2745484	1420512	19304	0	0	0	0	0	0	0	0	1	1	1	0	1	0	0	0	133	0	65454	0	449	0	65353	65357	17426	10	97	97	NORM	PA_E	12	0
20131205-070305	15504	990244	4503565	1758081	2745484	1420512	19304	0	0	0	0	0	0	0	0	1	1	1	0	1	0	0	0	133	0	65166	0	1991	0	64775	64778	17418	160	1048	1048	NORM	PA_E	12	0
20131205-070308	15504	990244	4503565	1758081	2745484	1420512	19304	0	0	0	0	0	0	0	0	1	1	1	0	1	0	0	0	133	0	65130	0	2762	0	64292	64196	17320	233	1822	1822	NORM	PA_E	12	0
20131205-070312	15504	990244	4503565	1758081	2745484	1420512	19304	0	0	0	0	0	0	0	0	1	1	1	0	1	0	0	0	133	0	64375	0	6489	0	63003	63028	17209	555	3706	3741	NORM	PA_E	12	0
20131205-070316	15504	990244	4503565	1758081	2745484	1420512	19304	0	0	0	0	0	0	0	0	1	1	1	0	1	0	0	0	133	0	64519	0	5461	0	63368	63368	17124	500	3128	3128	NORM	PA_E	12	0
20131205-070320	15504	990244	4503565	1758081	2745484	1420512	19304	0	0	0	0	0	0	0	0	1	1	1	0	1	0	0	0	133	0	63225	0	12785	0	60643	60668	16986	919	6159	6159	NORM	PA_E	12	0
20131205-070323	15504	990244	4503565	1758081	2745484	1420512	19304	0	0	0	0	0	0	0	0	1	1	1	0	1	0	0	0	133	0	63717	0	9380	0	62163	62281	17048	562	3670	3670	NORM	PA_E	12	0
20131205-070327	15504	990244	4503565	1758081	2745484	1420512	19304	0	0	0	0	0	0	0	0	1	1	1	0	1	0	0	0	133	0	64807	0	3919	0	64335	64340	17264	163	995	995	NORM	PA_E	12	0
20131205-070331	15504	990244	4503565	1758081	2745484	1420512	19304	0	0	0	0	0	0	0	0	1	1	1	0	1	0	0	0	133	0	65454	0	449	0	65355	65355	17274	24	159	159	NORM	PA_E	12	0
20131205-070334	15504	990244	4503565	1758081	2745484	1420512	19304	0	0	0	0	0	0	0	0	1	1	1	0	1	0	0	0	133	0	0	0	0	0	0	65535	17230	47	328	328	NORM	PA_E	12	0
20131205-070338	15504	990244	4503565	1758081	2745484	1420512	19304	0	0	0	0	0	0	0	0	1	1	1	0	1	0	0	0	133	0	0	0	0	0	0	0	17615	36	239	239	NORM	PA_E	12	0
20131205-070342	15504	990244	4503565	1758081	2745484	1420512	19304	0	0	0	0	0	0	0	0	1	1	1	0	1	0	0	0	133	0	0	0	0	0	0	0	17355	36	239	239	NORM	PA_E	12	0
20131205-070346	15504	990244	4503566	1758088	2745478	1420512	19304	0	0	0	0	0	0	0	0	1	1	1	0	1	0	0	0	133	0	0	0	0	0	0	0	17387	30	195	195	NORM	PA_E	12	0
20131205-070349	15504	990244	4503566	1758088	2745478	1420512	19304	0	0	0	0	0	0	0	0	1	1	1	0	1	0	0	0	133	0	0	0	449	0	64942	64939	17378	39	266	266	NORM	PA_E	12	0
20131205-070353	15504	990244	4503566	1758088	2745478	1420512	19304	0	0	0	0	0	0	0	0	1	1	1	0	1	0	0	0	133	0	64975	0	3019	0	64383	64388	17463	132	897	897	NORM	PA_E	12	0
20131205-070357	15504	990244	4503566	1758088	2745478	1420512	19304	0	0	0	0	0	0	0	0	1	1	1	0	1	0	0	0	133	0	64975	0	3019	0	64789	65224	17430	112	746	506	NORM	PA_E	12	0
20131205-070401	15504	990244	4503566	1758088	2745478	1420513	19304	0	0	0	0	0	0	0	0	1	1	1	0	1	0	0	0	133	0	0	0	0	0	0	0	17445	13	115	115	NORM	PA_E	12	0
20131205-070404	15504	990244	4503566	1758088	2745478	1420513	19304	0	0	0	0	0	0	0	0	1	1	1	0	1	0	0	0	133	0	0	0	0	0	0	0	17384	18	133	133	NORM	PA_E	12	0
20131205-070408	15504	990244	4503566	1758088	2745478	1420513	19304	0	0	0	0	0	0	0	0	1	1	1	0	1	0	0	0	133	0	0	0	0	0	0	0	17347	18	133	133	NORM	PA_E	12	0
20131205-070412	15504	990244	4503566	1758088	2745478	1420513	19304	0	0	0	0	0	0	0	0	1	1	1	0	1	0	0	0	133	0	0	0	0	0	0	0	17429	18	133	133	NORM	PA_E	12	0
20131205-070416	15504	990244	4503566	1758088	2745478	1420513	19304	0	0	0	0	0	0	0	0	1	1	1	0	1	0	0	0	133	0	0	0	0	0	0	0	17402	18	133	133	NORM	PA_E	12	0
20131205-070419	15504	990244	4503566	1758088	2745478	1420513	19304	0	0	0	0	0	0	0	0	1	1	1	0	1	0	0	0	133	0	0	0	0	0	0	0	17480	17	133	133	NORM	PA_E	12	0
20131205-070423	15504	990244	4503566	1758088	2745478	1420513	19304	0	0	0	0	0	0	0	0	1	1	1	0	1	0	0	0	133	0	0	0	0	0	0	0	17474	18	124	133	NORM	PA_E	12	0
20131205-070427	15504	990244	4503566	1758088	2745478	1420513	19304	0	0	0	0	0	0	0	0	1	1	1	0	1	0	0	0	133	0	0	0	0	0	65522	65521	17542	24	177	177	NORM	PA_E	12	0
20131205-070431	15504	990244	4503566	1758088	2745478	1420513	19304	0	0	0	0	0	0	0	0	1	1	1	0	1	0	0	0	133	0	65190	0	1863	0	64821	64821	17551	71	453	453	NORM	PA_E	12	0
20131205-070434	15504	990244	4503566	1758088	2745478	1420513	19304	0	0	0	0	0	0	0	0	1	1	1	0	1	0	0	0	133	0	65190	0	1863	0	64821	64822	17560	68	435	435	NORM	PA_E	12	0
20131205-070438	15504	990244	4503566	1758088	2745478	1420513	19304	0	0	0	0	0	0	0	0	1	1	1	0	1	0	0	0	133	0	65190	0	1863	0	64824	64822	17546	70	453	444	NORM	PA_E	12	0
20131205-070442	15504	990244	4503566	1758088	2745478	1420513	19304	0	0	0	0	0	0	0	0	1	1	1	0	1	0	0	0	133	0	64448	0	5846	0	63073	63114	17532	270	1795	1795	NORM	PA_E	12	0
20131205-070446	15504	990244	4503566	1758088	2745478	1420513	19304	0	0	0	0	0	0	0	1	1	1	1	0	1	0	0	0	133	0	64304	0	6617	0	63034	63021	17587	248	1626	1608	NORM	PA_E	12	0
20131205-070449	15504	990244	4503566	1758088	2745478	1420513	19304	0	0	0	0	0	0	0	1	1	1	1	0	1	0	0	0	133	0	63705	0	9830	0	61816	61808	17573	280	1822	1822	NORM	PA_E	12	0
20131205-070453	15504	990244	4503566	1758088	2745478	1420513	19304	0	0	0	0	0	0	0	1	1	1	1	0	1	0	0	0	133	0	62567	0	15934	0	59528	59517	17576	234	1528	1528	NORM	PA_E	12	0
20131205-070457	15504	990244	4503566	1758088	2745478	1420513	19304	0	0	0	0	0	0	0	1	1	1	1	0	1	0	0	0	133	0	63537	0	10665	10665	65516	65526	17544	33	231	231	NORM	PA_E	12	0
20131205-070500	15504	990244	4503566	1758088	2745478	1420513	19304	0	0	0	0	0	0	0	1	1	1	1	1	1	1	0	0	133	0	63945	0	8545	8545	0	0	17536	30	195	195	NORM	CH_I	13	0
20131205-070504	15504	990244	4503566	1758088	2745478	1420513	19304	0	0	0	0	0	0	0	1	1	1	1	1	1	1	0	0	133	0	63932	0	8609	8609	0	0	17530	34	213	213	NORM	CH_E	13	0
20131205-070508	15504	990244	4503566	1758088	2745478	1420513	19304	0	0	0	0	0	0	0	1	1	1	1	1	1	1	0	0	131	0	63931	0	8738	8738	0	0	17531	33	213	213	NORM	CH_E	13	0
20131205-070512	15504	990244	4503566	1758088	2745478	1420513	19304	0	0	0	0	0	0	0	1	1	1	1	1	1	1	0	0	130	0	63955	0	8673	8673	0	0	17500	34	213	213	NORM	CH_E	13	0
20131205-070515	15504	990244	4503566	1758088	2745478	1420513	19304	0	0	0	0	0	0	0	1	1	1	1	1	1	1	0	0	129	0	63954	0	8738	8673	0	0	17542	34	213	213	NORM	CH_E	13	0
20131205-070519	15504	990244	4503566	1758088	2745478	1420513	19304	0	0	0	0	0	0	0	1	1	1	1	1	1	1	0	0	129	0	63966	0	8673	8673	0	0	17545	26	177	177	NORM	CH_E	13	0
20131205-070523	15504	990244	4503566	1758088	2745478	1420513	19304	0	0	0	0	0	0	0	1	1	1	1	1	1	0	0	0	129	0	63966	0	8673	8738	0	0	17544	26	177	177	NORM	CH_E	13	0
20131205-070526	15504	990244	4503566	1758088	2745478	1420513	19304	0	0	0	0	0	0	0	1	1	1	1	1	1	0	0	0	128	0	63966	0	8673	8673	0	0	17502	26	177	177	NORM	CH_E	13	0
20131205-070530	15504	990244	4503566	1758088	2745478	1420513	19304	0	0	0	0	0	0	0	1	1	1	1	1	1	0	0	0	128	0	63989	0	8609	8609	0	0	17526	26	177	177	NORM	CH_E	13	0
20131205-070534	15504	990244	4503566	1758088	2745478	1420513	19304	0	0	0	0	0	0	0	1	1	1	1	1	1	0	0	0	128	0	63989	0	8673	8673	0	0	17474	21	142	142	NORM	CH_E	13	0
20131205-070537	15504	990244	4503566	1758088	2745478	1420513	19304	0	0	0	0	0	0	0	1	1	1	1	1	1	0	0	0	128	0	63966	0	8738	8738	0	0	17505	15	115	115	NORM	CH_E	13	0
20131205-070541	15504	990244	4503566	1758088	2745478	1420513	19304	0	0	0	0	0	0	0	1	1	1	1	1	1	0	0	0	128	0	63954	0	8802	8738	0	0	17480	23	151	151	NORM	CH_E	13	0
20131205-070545	15504	990244	4503567	1758090	2745477	1420513	19304	0	0	0	0	0	0	0	1	1	1	1	1	1	0	0	0	128	0	63954	0	8738	8738	0	0	17495	24	159	159	NORM	CH_E	13	0
20131205-070548	15504	990244	4503567	1758090	2745477	1420513	19304	0	0	0	0	0	0	0	1	1	1	1	1	1	0	0	0	128	0	63954	0	8802	8802	0	0	17486	24	159	159	NORM	CH_E	13	0
20131205-070552	15504	990244	4503567	1758090	2745477	1420513	19304	0	0	0	0	0	0	0	1	1	1	1	1	1	0	0	0	128	0	63954	0	8738	8738	0	0	17471	29	195	195	NORM	CH_E	13	0
20131205-070556	15504	990244	4503567	1758090	2745477	1420513	19304	0	0	0	0	0	0	0	1	1	1	1	1	1	0	0	0	128	0	64878	3737	8095	7196	1583	1598	17448	45	311	311	NORM	CH_E	13	0
20131205-070600	15504	990244	4503567	1758090	2745477	1420513	19304	0	0	0	0	0	0	0	1	1	1	1	0	1	0	0	0	127	0	1907	9004	0	0	3843	3824	17463	168	1128	1199	NORM	PA_I	13	0
20131205-070603	15504	990244	4503567	1758090	2745477	1420513	19304	0	0	0	0	0	0	0	1	1	1	1	0	1	0	0	0	127	0	2060	9660	0	0	4102	4102	17424	390	2550	2550	NORM	PA_E	13	0
20131205-070607	15504	990244	4503567	1758090	2745477	1420513	19304	0	0	0	0	0	0	0	1	1	1	1	0	1	0	0	0	127	0	2481	11622	0	0	4964	4942	17396	726	4781	4888	NORM	PA_E	13	0
20131205-070611	15504	990244	4503567	1758090	2745477	1420513	19304	0	0	0	0	0	0	0	1	1	1	1	0	1	0	0	0	127	0	1645	9786	0	0	2813	2824	17457	644	4150	4150	NORM	PA_E	13	0
20131205-070614	15504	990244	4503567	1758090	2745477	1420513	19304	0	0	0	0	0	0	0	1	1	1	1	0	1	0	0	0	127	0	0	0	0	0	0	0	17429	28	168	168	NORM	PA_E	13	0
20131205-070618	15504	990244	4503567	1758090	2745477	1420513	19304	0	0	0	0	0	0	0	1	1	1	1	0	1	0	0	0	127	0	0	0	0	0	0	0	17356	19	133	133	NORM	PA_E	13	0
20131205-070622	15504	990244	4503567	1758090	2745477	1420513	19304	0	0	0	0	0	0	0	1	1	1	1	0	1	0	0	0	127	0	0	0	0	0	0	0	17314	18	133	133	NORM	PA_E	13	0
20131205-070626	15504	990244	4503567	1758090	2745477	1420513	19304	0	0	0	0	0	0	0	1	1	1	1	0	1	0	0	0	127	0	0	0	0	0	0	0	17286	18	133	133	NORM	PA_E	13	0
20131205-070629	15504	990244	4503567	1758090	2745477	1420513	19304	0	0	0	0	0	0	0	0	1	1	1	0	1	0	0	0	127	0	0	0	0	0	0	0	17237	28	186	195	NORM	PA_E	13	0
20131205-070633	15504	990244	4503567	1758090	2745477	1420513	19304	0	0	0	0	0	0	0	0	1	1	1	0	1	0	0	0	127	0	0	0	0	0	0	0	17264	27	186	186	NORM	PA_E	13	0
20131205-070637	15504	990244	4503567	1758090	2745477	1420514	19304	0	0	0	0	0	0	0	0	1	1	1	0	1	0	0	0	127	0	0	0	0	0	0	0	17296	36	239	239	NORM	PA_E	13	0
20131205-070641	15504	990244	4503567	1758090	2745477	1420514	19304	0	0	0	0	0	0	0	0	1	1	1	0	1	0	0	0	127	0	0	0	0	0	0	0	17287	43	284	284	NORM	PA_E	13	0
20131205-070644	15504	990244	4503570	1758090	2745480	1420514	19304	0	0	0	0	0	0	0	0	1	1	1	0	1	0	0	0	127	0	0	0	0	0	0	0	17292	41	257	257	NORM	PA_E	13	0
20131205-070648	15504	990244	4503570	1758090	2745480	1420514	19304	0	0	0	0	0	0	0	0	1	1	1	0	1	0	0	0	127	0	0	0	0	0	0	0	17287	41	266	266	NORM	PA_E	13	0
20131205-070652	15504	990244	4503570	1758090	2745480	1420514	19304	0	0	0	0	0	0	0	0	1	1	1	0	1	0	0	0	127	0	0	0	0	0	0	0	17211	46	293	293	NORM	PA_E	13	0
20131205-070655	15504	990244	4503570	1758090	2745480	1420514	19304	0	0	0	0	0	0	0	0	1	1	1	0	1	0	0	0	127	0	0	0	0	0	0	0	17280	43	275	275	NORM	PA_E	13	0
20131205-070659	15504	990244	4503570	1758090	2745480	1420514	19304	0	0	0	0	0	0	0	0	1	1	1	0	1	0	0	0	127	0	0	0	0	0	0	0	17310	43	275	275	NORM	PA_E	13	0
20131205-070703	15504	990244	4503570	1758090	2745480	1420514	19304	0	0	0	0	0	0	0	0	1	1	1	0	1	0	0	0	127	0	0	0	0	0	0	0	17335	39	257	257	NORM	PA_E	13	0
20131205-070707	15504	990244	4503570	1758090	2745480	1420514	19304	0	0	0	0	0	0	0	0	1	1	1	0	1	0	0	0	127	0	0	0	0	0	0	0	17337	39	248	248	NORM	PA_E	13	0
20131205-070710	15504	990244	4503570	1758090	2745480	1420514	19304	0	0	0	0	0	0	0	0	1	1	1	0	1	0	0	0	127	0	0	0	0	0	0	0	17435	38	248	248	NORM	PA_E	13	0
20131205-070714	15504	990244	4503570	1758090	2745480	1420514	19304	0	0	0	0	0	0	0	0	1	1	1	0	1	0	0	0	127	0	0	0	0	0	0	0	17430	27	177	177	NORM	PA_E	13	0
20131205-070718	15504	990244	4503570	1758090	2745480	1420514	19304	0	0	0	0	0	0	0	0	1	1	1	0	1	0	0	0	127	0	0	0	0	0	0	0	17414	27	177	177	NORM	PA_E	13	0
20131205-070722	15504	990244	4503570	1758090	2745480	1420514	19304	0	0	0	0	0	0	0	0	1	1	1	0	1	0	0	0	127	0	0	0	0	0	0	0	17406	21	142	142	NORM	PA_E	13	0
20131205-070725	15504	990244	4503570	1758090	2745480	1420514	19304	0	0	0	0	0	0	0	0	1	1	1	0	1	0	0	0	127	0	0	0	0	0	0	0	17430	20	133	142	NORM	PA_E	13	0
20131205-070729	15504	990244	4503570	1758090	2745480	1420514	19304	0	0	0	0	0	0	0	0	1	1	1	0	1	0	0	0	127	0	0	0	0	0	0	0	17396	23	159	159	NORM	PA_E	13	0
20131205-070733	15504	990244	4503570	1758090	2745480	1420514	19304	0	0	0	0	0	0	0	0	1	1	1	0	1	0	0	0	127	0	0	0	0	0	0	0	17394	26	168	168	NORM	PA_E	13	0
20131205-070737	15504	990244	4503570	1758090	2745480	1420514	19304	0	0	0	0	0	0	0	0	1	1	1	0	1	0	0	0	127	0	0	0	0	0	0	0	17384	30	195	195	NORM	PA_E	13	0
20131205-070740	15504	990244	4503570	1758090	2745480	1420514	19304	0	0	0	0	0	0	0	0	1	1	1	0	1	0	0	0	127	0	0	0	0	0	0	0	17364	35	231	231	NORM	PA_E	13	0
20131205-070744	15504	990244	4503572	1758090	2745482	1420514	19304	0	0	0	0	0	0	0	0	1	1	1	0	1	0	0	0	127	0	0	0	0	0	0	0	17341	36	231	231	NORM	PA_E	13	0
20131205-070748	15504	990244	4503572	1758090	2745482	1420514	19304	0	0	0	0	0	0	0	0	1	1	1	0	1	0	0	0	127	0	0	0	0	0	0	0	17292	36	231	231	NORM	PA_E	13	0
20131205-070752	15504	990244	4503572	1758090	2745482	1420515	19304	0	0	0	0	0	0	0	0	1	1	1	0	1	0	0	0	127	0	0	0	0	0	0	0	17237	42	275	275	NORM	PA_E	13	0
20131205-070755	15504	990244	4503572	1758090	2745482	1420515	19304	0	0	0	0	0	0	0	0	1	1	1	0	1	0	0	0	127	0	0	0	0	0	0	0	17322	42	275	275	NORM	PA_E	13	0
20131205-070759	15504	990244	4503572	1758090	2745482	1420515	19304	0	0	0	0	0	0	0	0	1	1	1	0	1	0	0	0	127	0	0	0	0	0	0	0	17314	42	275	275	NORM	PA_E	13	0
20131205-070803	15504	990244	4503572	1758090	2745482	1420515	19304	0	0	0	0	0	0	0	0	1	1	1	0	1	0	0	0	127	0	0	0	0	0	0	0	17331	35	222	222	NORM	PA_E	13	0
20131205-070807	15504	990244	4503572	1758090	2745482	1420515	19304	0	0	0	0	0	0	0	0	1	1	1	0	1	0	0	0	127	0	0	0	0	0	0	0	17359	36	231	222	NORM	PA_E	13	0
20131205-070810	15504	990244	4503572	1758090	2745482	1420515	19304	0	0	0	0	0	0	0	0	1	1	1	0	1	0	0	0	127	0	0	0	0	0	0	0	17345	30	186	186	NORM	PA_E	13	0
20131205-070814	15504	990244	4503572	1758090	2745482	1420515	19304	0	0	0	0	0	0	0	0	1	1	1	0	1	0	0	0	127	0	0	0	0	0	0	0	17353	18	133	133	NORM	PA_E	13	0
20131205-070818	15504	990244	4503572	1758090	2745482	1420515	19304	0	0	0	0	0	0	0	0	1	1	1	0	1	0	0	0	127	0	0	0	0	0	0	0	17468	3	97	97	NORM	PA_E	13	0
20131205-070821	15504	990244	4503572	1758090	2745482	1420515	19304	0	0	0	0	0	0	0	0	1	1	1	0	1	0	0	0	127	0	0	0	0	0	0	0	17466	1	97	97	NORM	PA_E	13	0
20131205-070825	15504	990244	4503572	1758090	2745482	1420515	19304	0	0	0	0	0	0	0	0	1	1	1	0	1	0	0	0	127	0	0	0	0	0	0	0	17408	0	97	97	NORM	PA_E	13	0
20131205-070829	15504	990244	4503572	1758090	2745482	1420515	19304	0	0	0	0	0	0	0	0	1	1	1	0	1	0	0	0	127	0	0	0	0	0	0	0	17259	16	124	133	NORM	PA_E	13	0
20131205-070833	15504	990244	4503572	1758090	2745482	1420515	19304	0	0	0	0	0	0	0	0	1	1	1	0	1	0	0	0	127	0	0	0	0	0	0	0	17279	16	124	124	NORM	PA_E	13	0
20131205-070836	15504	990244	4503572	1758090	2745482	1420515	19304	0	0	0	0	0	0	0	0	1	1	1	0	1	0	0	0	127	0	64665	0	5397	0	63368	63358	17403	330	2222	2222	NORM	PA_E	13	0
20131205-070840	15504	990244	4503572	1758090	2745482	1420515	19304	0	0	0	0	0	0	0	0	1	1	1	0	1	0	0	0	127	0	64333	0	6746	0	63086	63096	17378	342	2230	2204	NORM	PA_E	13	0
20131205-070844	15504	990244	4503572	1758091	2745481	1420515	19304	0	0	0	0	0	0	0	0	1	1	1	0	1	0	0	0	127	0	64356	0	6617	0	63132	63129	17389	264	1706	1706	NORM	PA_E	13	0
20131205-070848	15504	990244	4503572	1758091	2745481	1420515	19304	0	0	0	0	0	0	0	0	1	1	1	0	1	0	0	0	127	0	0	0	0	0	0	0	17389	29	195	195	NORM	PA_E	13	0
20131205-070851	15504	990244	4503572	1758091	2745481	1420515	19304	0	0	0	0	0	0	0	0	1	1	1	0	1	0	0	0	127	0	0	0	0	0	0	0	17380	28	195	195	NORM	PA_E	13	0
20131205-070855	15504	990244	4503572	1758091	2745481	1420515	19304	0	0	0	0	0	0	0	0	1	1	1	0	1	0	0	0	127	0	0	0	0	0	0	0	17292	24	159	159	NORM	PA_E	13	0
20131205-070859	15504	990244	4503572	1758091	2745481	1420515	19304	0	0	0	0	0	0	0	0	1	1	1	0	1	0	0	0	127	0	0	0	0	0	0	0	17262	24	159	159	NORM	PA_E	13	0
20131205-070903	15504	990244	4503572	1758091	2745481	1420515	19304	0	0	0	0	0	0	0	0	1	1	1	0	1	0	0	0	127	0	0	0	0	0	0	0	17237	26	177	177	NORM	PA_E	13	0
20131205-070906	15504	990244	4503572	1758091	2745481	1420516	19304	0	0	0	0	0	0	0	1	1	1	1	0	1	0	0	0	127	0	0	0	0	0	0	0	17282	27	177	177	NORM	PA_E	13	0
20131205-070910	15504	990244	4503572	1758091	2745481	1420516	19304	0	0	0	0	0	0	0	1	1	1	1	0	1	0	0	0	127	0	0	0	0	0	0	0	17369	27	177	177	NORM	PA_E	13	0
20131205-070914	15504	990244	4503572	1758091	2745481	1420516	19304	0	0	0	0	0	0	0	1	1	1	1	0	1	0	0	0	127	0	0	0	0	0	0	0	17426	20	142	168	NORM	PA_E	13	0
20131205-070917	15504	990244	4503572	1758091	2745481	1420516	19304	0	0	0	0	0	0	0	1	1	1	1	0	1	0	0	0	127	0	65135	0	2248	0	64708	64675	17334	47	302	302	NORM	PA_E	13	0
20131205-070921	15504	990244	4503572	1758091	2745481	1420516	19304	0	0	0	0	0	0	0	1	1	1	1	0	1	0	0	0	127	0	64792	0	4176	0	63934	63931	17439	103	675	675	NORM	PA_E	13	0
20131205-070925	15504	990244	4503572	1758091	2745481	1420516	19304	0	0	0	0	0	0	0	1	1	1	1	0	1	0	0	0	127	0	64803	0	4047	0	64066	64065	17451	79	506	479	NORM	PA_E	13	0
20131205-070929	15504	990244	4503572	1758091	2745481	1420516	19304	0	0	0	0	0	0	0	1	1	1	1	0	1	0	0	0	127	0	65250	0	1606	0	65146	65141	17429	1	62	62	NORM	PA_E	13	0
20131205-070932	15504	990244	4503572	1758091	2745481	1420516	19304	0	0	0	0	0	0	0	1	1	1	1	0	1	0	0	0	127	0	65159	0	2120	0	64756	64755	17454	11	97	97	NORM	PA_E	13	0
20131205-070936	15504	990244	4503572	1758091	2745481	1420516	19304	0	0	0	0	0	0	0	0	1	1	1	0	1	0	0	0	127	0	65044	0	2762	0	64525	64524	17420	23	151	151	NORM	PA_E	13	0
20131205-070940	15504	990244	4503572	1758091	2745481	1420516	19304	0	0	0	0	0	0	0	0	1	1	1	0	1	0	0	0	127	0	0	0	0	0	0	0	17371	22	159	159	NORM	PA_E	13	0
20131205-070944	15504	990244	4503572	1758091	2745481	1420516	19304	0	0	0	0	0	0	0	0	1	1	1	0	1	0	0	0	127	0	0	0	0	0	65534	65534	17399	27	204	204	NORM	PA_E	13	0
20131205-070947	15504	990244	4503572	1758092	2745480	1420516	19304	0	0	0	0	0	0	0	0	1	1	1	0	1	0	0	0	127	0	65491	0	257	192	0	0	17370	22	159	159	NORM	PA_E	13	0
20131205-070951	15504	990244	4503572	1758092	2745480	1420516	19304	0	0	0	0	0	0	0	0	1	1	1	0	1	0	0	0	127	0	65112	0	2377	2377	0	0	17373	19	142	142	NORM	PA_E	13	0
20131205-070955	15504	990244	4503572	1758092	2745480	1420516	19304	0	0	0	0	0	0	0	0	1	1	1	0	1	0	0	0	127	0	65503	0	192	64	0	0	17359	19	133	133	NORM	PA_E	13	0
20131205-070958	15504	990244	4503572	1758092	2745480	1420516	19304	0	0	0	0	0	0	0	0	1	1	1	0	1	0	0	0	127	0	65147	0	2248	2248	0	0	17370	9	106	106	NORM	PA_E	13	0
20131205-071002	15504	990244	4503572	1758092	2745480	1420516	19304	0	0	0	0	0	0	0	0	1	1	1	0	1	0	0	0	127	0	65056	0	514	514	0	0	17364	10	115	115	NORM	PA_E	13	0
20131205-071006	15504	990244	4503572	1758092	2745480	1420516	19304	0	0	0	0	0	0	0	0	1	1	1	0	1	0	0	0	127	0	65044	0	2762	2762	0	0	17307	18	133	133	NORM	PA_E	13	0
20131205-071009	15504	990244	4503572	1758092	2745480	1420516	19304	0	0	0	0	0	0	0	0	1	1	1	0	1	1	0	0	127	0	63530	0	11308	11308	0	0	17337	19	133	133	NORM	PA_E	13	0
20131205-071013	15504	990244	4503572	1758092	2745480	1420516	19304	0	0	0	0	0	0	0	0	1	1	1	1	1	1	0	0	125	0	63944	0	9059	9059	0	0	17316	0	97	97	NORM	CH_I	14	0
20131205-071017	15504	990244	4503572	1758092	2745480	1420516	19304	0	0	0	0	0	0	0	0	1	1	1	1	1	1	0	0	124	0	63933	0	9123	9123	0	0	17364	0	88	88	NORM	CH_E	14	0
20131205-071021	15504	990244	4503572	1758092	2745480	1420516	19304	0	0	0	0	0	0	0	0	1	1	1	1	1	1	0	0	123	0	63946	0	9187	9187	0	0	17301	0	97	97	NORM	CH_E	14	0
20131205-071024	15504	990244	4503572	1758092	2745480	1420516	19304	0	0	0	0	0	0	0	0	1	1	1	1	1	1	0	0	122	0	63957	0	9187	9187	0	0	17182	0	97	97	NORM	CH_E	14	0
20131205-071028	15504	990244	4503572	1758092	2745480	1420516	19304	0	0	0	0	0	0	0	0	1	1	1	1	1	1	0	0	122	0	63957	0	9187	9187	0	0	17213	10	115	115	NORM	CH_E	14	0
20131205-071032	15504	990244	4503572	1758092	2745480	1420516	19304	0	0	0	0	0	0	0	0	1	1	1	1	1	1	0	0	122	0	63979	0	9187	9187	0	0	17147	21	142	142	NORM	CH_E	14	0
20131205-071035	15504	990244	4503572	1758092	2745480	1420516	19304	0	0	0	0	0	0	0	1	0	1	1	1	1	1	0	0	122	0	63925	0	9380	9380	0	0	17132	23	159	159	NORM	FIM_M	14	0
20131205-071039	15504	990244	4503572	1758092	2745480	1420516	19304	0	0	0	0	0	0	0	1	0	1	1	1	1	1	0	0	121	0	63958	0	9252	9252	0	0	17121	27	186	186	NORM	N_D	14	0
20131205-071043	15504	990244	4503572	1758092	2745480	1420516	19304	0	0	0	0	0	0	0	1	0	1	1	1	1	1	0	0	121	0	63970	0	9187	9187	0	0	17173	27	186	186	NORM	N_D	0	0
20131205-071047	15504	990244	4503573	1758092	2745481	1420516	19304	0	0	0	0	0	0	0	1	0	1	1	1	1	1	0	0	121	0	63980	0	9123	9123	0	0	17189	27	186	177	NORM	N_D	0	0
20131205-071050	15504	990244	4503573	1758092	2745481	1420516	19304	0	0	0	0	0	0	0	1	0	1	1	1	1	1	0	0	121	0	63970	0	9059	9059	0	0	17215	34	222	222	NORM	N_D	0	0
20131205-071054	15504	990244	4503573	1758092	2745481	1420516	19304	0	0	0	0	0	0	0	1	0	1	1	1	1	1	0	0	121	0	63991	0	9059	9059	0	0	17177	35	222	222	NORM	N_D	0	0
20131205-071058	15504	990244	4503573	1758092	2745481	1420516	19304	0	0	0	0	0	0	0	1	0	1	1	1	1	1	0	0	121	0	63991	0	9059	9059	0	0	17164	35	213	213	NORM	N_D	0	0
20131205-071101	15504	990244	4503573	1758092	2745481	1420516	19304	0	0	0	0	0	0	0	1	0	1	1	1	1	1	0	0	121	0	63991	0	9059	9059	0	0	17091	35	213	213	NORM	N_D	0	0
20131205-071105	15504	990244	4503573	1758092	2745481	1420516	19304	0	0	0	0	0	0	0	1	0	1	1	1	1	1	0	0	120	0	63992	0	9059	9059	0	0	17182	36	239	239	NORM	N_D	0	0
20131205-071109	15504	990244	4503573	1758092	2745481	1420516	19304	0	0	0	0	0	0	0	1	0	1	1	1	1	1	0	0	120	0	63971	0	9252	9187	0	0	17180	36	239	239	NORM	N_D	0	0
20131205-071112	15504	990244	4503573	1758092	2745481	1420516	19304	0	0	0	0	0	0	0	1	0	1	1	1	1	1	0	0	120	0	63971	0	9252	9252	0	0	17151	37	239	239	NORM	N_D	0	0
20131205-071116	15504	990244	4503573	1758092	2745481	1420516	19304	0	0	0	0	0	0	0	1	0	1	1	1	1	1	0	0	120	0	63971	0	9252	9252	0	0	17343	36	239	239	NORM	N_D	0	0
20131205-071120	15504	990244	4503573	1758092	2745481	1420516	19304	0	0	0	0	0	0	0	1	0	1	1	1	1	1	0	0	120	0	63971	0	9316	9316	0	0	17457	36	239	239	NORM	N_D	0	0
20131205-071123	15504	990244	4503573	1758092	2745481	1420516	19304	0	0	0	0	0	0	0	1	0	1	1	1	1	1	0	0	120	0	63959	0	9252	9252	0	0	17511	36	239	239	NORM	N_D	0	0
20131205-071127	15504	990244	4503573	1758092	2745481	1420516	19304	0	0	0	0	0	0	0	1	0	1	1	1	1	1	0	0	120	0	63971	0	9252	9316	0	0	17516	36	231	231	NORM	N_D	0	0
20131205-071131	15504	990244	4503573	1758092	2745481	1420516	19304	0	0	0	0	0	0	0	1	0	1	1	1	1	1	0	0	120	0	63971	0	9252	9252	0	0	17515	36	239	231	NORM	N_D	0	0
20131205-071134	15504	990244	4503573	1758092	2745481	1420516	19304	0	0	0	0	0	0	0	1	0	1	1	1	1	1	0	0	120	0	63959	0	9316	9252	0	0	17557	33	213	213	NORM	N_D	0	0
20131205-071138	15504	990244	4503573	1758092	2745481	1420516	19304	0	0	0	0	0	0	0	1	0	1	1	1	1	1	0	0	120	0	63959	0	9252	9252	0	0	17506	34	213	213	NORM	N_D	0	0
20131205-071142	15504	990244	4503573	1758092	2745481	1420516	19304	0	0	0	0	0	0	0	1	0	1	1	1	1	1	0	0	120	0	63971	0	9252	9316	0	0	17445	34	213	213	NORM	N_D	0	0
20131205-071145	15504	990244	4503574	1758092	2745482	1420516	19304	0	0	0	0	0	0	0	1	0	1	1	1	1	1	0	0	119	0	63972	0	9316	9316	0	0	17453	34	213	213	NORM	N_D	0	0
20131205-071149	15504	990244	4503574	1758092	2745482	1420516	19304	0	0	0	0	0	0	0	1	0	1	1	1	1	1	0	0	119	0	63972	0	9316	9316	0	0	17387	38	248	248	NORM	N_D	0	0
20131205-071153	15504	990244	4503574	1758092	2745482	1420516	19304	0	0	0	0	0	0	0	1	0	1	1	1	1	1	0	0	119	0	63972	0	9316	9316	0	0	17334	39	257	257	NORM	N_D	0	0
20131205-071157	15504	990244	4503574	1758092	2745482	1420516	19304	0	0	0	0	0	0	0	1	0	1	1	1	1	1	0	0	119	0	63972	0	9316	9316	0	0	17408	39	257	257	NORM	N_D	0	0
20131205-071200	15504	990244	4503574	1758092	2745482	1420516	19304	0	0	0	0	0	0	0	1	0	1	1	1	1	1	0	0	119	0	63972	0	9316	9316	0	0	17457	38	257	257	NORM	N_D	0	0
20131205-071204	15504	990244	4503574	1758092	2745482	1420516	19304	0	0	0	0	0	0	0	1	0	1	1	1	1	1	0	0	119	0	63962	0	9380	9380	0	0	17454	37	239	239	NORM	N_D	0	0
20131205-071208	15504	990244	4503574	1758092	2745482	1420516	19304	0	0	0	0	0	0	0	1	0	1	1	1	1	1	1	0	119	0	63972	0	9316	9316	0	0	17454	10	62	62	OFF	N_D	0	0
#eof
