20131204-060831	15504	990244	4499279	1756525	2742754	1419903	19849	0	1	0	0	0	0	0	1	1	1	1	1	1	1	0	0	117	2353	63965	0	9509	9509	0	0	17462	27	177	204	NORM	ACT	1	0
20131204-060835	15504	990244	4499279	1756525	2742754	1419903	19849	0	1	0	0	0	0	0	1	1	1	1	1	1	1	0	0	117	2353	63965	0	9509	9509	0	0	17474	27	186	204	NORM	ACT	1	0
20131204-060837	15504	990244	4499279	1756525	2742754	1419903	19849	0	1	0	0	0	0	0	1	1	1	1	1	1	1	0	0	117	2353	63965	0	9509	9509	0	0	17453	27	186	195	NORM	ACT	1	0
20131204-060839	15504	990244	4499279	1756525	2742754	1419903	19849	0	1	0	0	0	0	0	1	1	1	1	1	1	1	0	0	117	2353	63965	0	9509	9509	0	0	17456	27	186	195	NORM	ACT	1	0
20131204-060841	15504	990244	4499279	1756525	2742754	1419903	19849	0	1	0	0	0	0	0	1	1	1	1	1	1	1	0	0	117	2353	63965	0	9509	9509	0	0	17450	27	186	204	NORM	ACT	1	0
20131204-060843	15504	990244	4499279	1756525	2742754	1419903	19849	0	1	0	0	0	0	0	1	1	1	1	1	1	1	0	0	117	2353	63965	0	9509	9509	0	0	17457	27	186	204	NORM	ACT	1	0
20131204-060846	15504	990244	4499279	1756525	2742754	1419903	19849	0	1	0	0	0	0	0	1	1	1	1	1	1	1	0	0	117	2353	63965	0	9509	9509	0	0	17496	28	186	195	NORM	ACT	1	0
20131204-060848	15504	990244	4499279	1756525	2742754	1419903	19849	0	1	0	0	0	0	0	1	1	1	1	1	1	1	0	0	117	2353	63965	0	9509	9509	0	0	17512	28	186	204	NORM	ACT	1	0
20131204-060854	15504	990244	4499279	1756525	2742754	1419903	19849	0	1	0	0	0	0	0	1	1	1	1	1	1	1	0	0	117	2353	63975	0	9444	9509	0	0	17482	38	257	266	NORM	ACT	1	0
20131204-060856	15504	990244	4499279	1756525	2742754	1419903	19849	0	1	0	0	0	0	0	1	1	1	1	1	1	1	0	0	117	2353	63965	0	9509	9509	0	0	17493	39	248	275	NORM	ACT	1	0
20131204-060858	15504	990244	4499279	1756525	2742754	1419903	19849	0	1	0	0	0	0	0	1	1	1	1	1	1	1	0	0	117	2353	63965	0	9509	9509	0	0	17505	39	257	275	NORM	ACT	1	0
20131204-060900	15504	990244	4499279	1756525	2742754	1419903	19849	0	1	0	0	0	0	0	1	1	1	1	1	1	1	0	0	117	2353	63975	0	9444	9444	0	0	17500	38	257	275	NORM	ACT	1	0
20131204-060902	15504	990244	4499279	1756525	2742754	1419903	19849	0	1	0	0	0	0	0	1	1	1	1	1	1	1	0	0	117	2353	63975	0	9509	9509	0	0	17503	38	257	266	NORM	ACT	1	0
20131204-060904	15504	990244	4499279	1756525	2742754	1419903	19849	0	1	0	0	0	0	0	1	1	1	1	1	1	1	0	0	117	2353	63965	0	9509	9509	0	0	17500	38	257	266	NORM	ACT	1	0
20131204-060906	15504	990244	4499279	1756525	2742754	1419903	19849	0	1	0	0	0	0	0	1	1	1	1	1	1	1	0	0	117	2353	63965	0	9509	9509	0	0	17499	39	257	275	NORM	ACT	1	0
20131204-060908	15504	990244	4499279	1756525	2742754	1419903	19849	0	1	0	0	0	0	0	1	1	1	1	1	1	1	0	0	117	2353	63965	0	9509	9509	0	0	17493	38	257	275	NORM	ACT	1	0
20131204-060910	15504	990244	4499279	1756525	2742754	1419903	19849	0	1	0	0	0	0	0	1	1	1	1	1	1	1	0	0	117	2353	63965	0	9444	9444	0	0	17506	38	257	231	NORM	ACT	1	0
20131204-060914	15504	990244	4499279	1756525	2742754	1419903	19850	0	1	0	0	0	0	0	1	1	1	1	1	1	1	0	0	117	2353	63965	0	9509	9509	0	0	17495	43	302	346	NORM	ACT	1	0
20131204-060918	15504	990244	4499279	1756525	2742754	1419903	19850	0	1	0	0	0	0	0	1	1	1	1	1	1	1	0	0	117	2353	63986	0	9509	9509	0	0	17517	64	417	426	NORM	ACT	1	0
20131204-060922	15504	990244	4499279	1756525	2742754	1419903	19850	0	1	0	0	0	0	0	1	1	1	1	1	1	1	0	0	117	2353	63965	0	9509	9509	0	0	17500	64	408	435	NORM	ACT	1	0
20131204-060926	15504	990244	4499279	1756525	2742754	1419903	19850	0	1	0	0	0	0	0	1	1	1	1	1	1	1	0	0	117	2353	63965	0	9509	9444	0	0	17521	58	364	382	NORM	ACT	1	0
20131204-060928	15504	990244	4499279	1756525	2742754	1419903	19850	0	1	0	0	0	0	0	1	1	1	1	1	1	1	0	0	117	2353	63975	0	9444	9380	0	0	17488	57	373	382	NORM	ACT	1	0
20131204-060930	15504	990244	4499279	1756525	2742754	1419903	19850	0	1	0	0	0	0	0	1	1	1	1	1	1	1	0	0	117	2353	63975	0	9509	9509	0	0	17526	54	346	364	NORM	ACT	1	0
20131204-060932	15504	990244	4499279	1756525	2742754	1419903	19850	0	1	0	0	0	0	0	1	1	1	1	1	1	1	0	0	117	2353	63975	0	9444	9444	0	0	17504	54	337	364	NORM	ACT	1	0
20131204-060934	15504	990244	4499279	1756525	2742754	1419903	19850	0	1	0	0	0	0	0	1	1	1	1	1	1	1	0	0	117	2353	63975	0	9444	9444	0	0	17504	54	346	364	NORM	ACT	1	0
20131204-060938	15504	990244	4499279	1756525	2742754	1419903	19850	0	1	0	0	0	0	0	1	1	1	1	1	1	1	0	0	117	2353	63965	0	9444	9444	0	0	17514	54	346	355	NORM	ACT	1	0
20131204-060942	15504	990244	4499280	1756525	2742755	1419903	19850	0	1	0	0	0	0	0	1	1	1	1	1	1	1	0	0	117	2353	63975	0	9444	9444	0	0	17524	53	346	364	NORM	ACT	1	0
20131204-060946	15504	990244	4499280	1756525	2742755	1419903	19850	0	1	0	0	0	0	0	1	1	1	1	1	1	1	0	0	117	2353	63975	0	9444	9444	0	0	17510	53	337	364	NORM	ACT	1	0
20131204-060950	15504	990244	4499280	1756525	2742755	1419903	19850	0	1	0	0	0	0	0	1	1	1	1	1	1	1	0	0	117	2353	63975	0	9444	9444	0	0	17511	46	302	319	NORM	ACT	1	0
20131204-060952	15504	990244	4499280	1756525	2742755	1419903	19850	0	1	0	0	0	0	0	1	1	1	1	1	1	1	0	0	117	2353	63975	0	9444	9380	0	0	17503	53	337	355	NORM	ACT	1	0
20131204-060956	15504	990244	4499280	1756525	2742755	1419903	19850	0	1	0	0	0	0	0	1	1	1	1	1	1	1	0	0	117	2353	63975	0	9444	9444	0	0	17515	54	346	355	NORM	ACT	1	0
20131204-061000	15504	990244	4499280	1756525	2742755	1419903	19850	0	1	0	0	0	0	0	1	1	1	1	1	1	1	0	0	117	2353	63965	0	9509	9509	0	0	17508	53	346	355	NORM	ACT	1	0
20131204-061004	15504	990244	4499280	1756525	2742755	1419903	19850	0	1	0	0	0	0	0	1	1	1	1	1	1	1	0	0	117	2353	63965	0	9509	9509	0	0	17487	53	346	355	NORM	ACT	1	0
20131204-061006	15504	990244	4499280	1756525	2742755	1419903	19850	0	1	0	0	0	0	0	1	1	1	1	1	1	1	0	0	117	2353	63965	0	9509	9509	0	0	17490	53	337	364	NORM	ACT	1	0
20131204-061008	15504	990244	4499280	1756525	2742755	1419903	19850	0	1	0	0	0	0	0	1	1	1	1	1	1	1	0	0	117	2353	63965	0	9509	9509	0	0	17501	53	337	355	NORM	ACT	1	0
20131204-061012	15504	990244	4499280	1756525	2742755	1419903	19850	0	1	0	0	0	0	0	1	1	1	1	1	1	1	0	0	117	2353	63965	0	9509	9509	0	0	17498	53	346	346	NORM	ACT	1	0
20131204-061014	15504	990244	4499280	1756525	2742755	1419903	19850	0	1	0	0	0	0	0	1	1	1	1	1	1	1	0	0	117	2353	63965	0	9509	9509	0	0	17493	63	417	435	NORM	ACT	1	0
20131204-061017	15504	990244	4499280	1756525	2742755	1419903	19850	0	1	0	0	0	0	0	1	1	1	1	1	1	1	0	0	117	2353	63965	0	9509	9509	0	0	17495	65	417	444	NORM	ACT	1	0
20131204-061019	15504	990244	4499280	1756525	2742755	1419903	19850	0	1	0	0	0	0	0	1	1	1	1	1	1	1	0	0	117	2353	63965	0	9509	9509	0	0	17488	66	426	435	NORM	ACT	1	0
20131204-061021	15504	990244	4499280	1756525	2742755	1419903	19850	0	1	0	0	0	0	0	1	1	1	1	1	1	1	0	0	117	2353	63965	0	9509	9509	0	0	17500	66	417	435	NORM	ACT	1	0
20131204-061025	15504	990244	4499280	1756525	2742755	1419903	19850	0	1	0	0	0	0	0	1	1	1	1	1	1	1	0	0	117	2353	63965	0	9509	9509	0	0	17495	64	417	417	NORM	ACT	1	0
20131204-061029	15504	990244	4499280	1756525	2742755	1419903	19850	0	1	0	0	0	0	0	1	1	1	1	1	1	1	0	0	117	2353	63965	0	9509	9509	0	0	17487	59	382	391	NORM	ACT	1	0
20131204-061033	15504	990244	4499280	1756525	2742755	1419903	19850	0	1	0	0	0	0	0	1	1	1	1	1	1	1	0	0	117	2353	63965	0	9509	9509	0	0	17495	57	364	373	NORM	ACT	1	0
20131204-061035	15504	990244	4499280	1756525	2742755	1419903	19850	0	1	0	0	0	0	0	1	1	1	1	1	1	1	0	0	117	2353	63954	0	9573	9509	0	0	17502	51	328	346	NORM	ACT	1	0
20131204-061037	15504	990244	4499280	1756525	2742755	1419903	19850	0	1	0	0	0	0	0	1	1	1	1	1	1	1	0	0	117	2353	63965	0	9509	9509	0	0	17493	51	328	346	NORM	ACT	1	0
20131204-061039	15504	990244	4499280	1756525	2742755	1419903	19850	0	1	0	0	0	0	0	1	1	1	1	1	1	1	0	0	117	2353	63965	0	9444	9509	0	0	17496	51	328	346	NORM	ACT	1	0
20131204-061043	15504	990244	4499282	1756525	2742757	1419903	19850	0	1	0	0	0	0	0	1	1	1	1	1	1	1	0	0	117	2353	63965	0	9509	9509	0	0	17490	51	328	346	NORM	ACT	1	0
20131204-061045	15504	990244	4499282	1756525	2742757	1419903	19850	0	1	0	0	0	0	0	1	1	1	1	1	1	1	0	0	117	2353	63965	0	9509	9509	0	0	17484	51	328	346	NORM	ACT	1	0
20131204-061047	15504	990244	4499282	1756525	2742757	1419903	19850	0	1	0	0	0	0	0	1	1	1	1	1	1	1	0	0	117	2353	63965	0	9509	9509	0	0	17478	46	302	311	NORM	ACT	1	0
20131204-061051	15504	990244	4499282	1756525	2742757	1419903	19850	0	1	0	0	0	0	0	1	1	1	1	1	1	1	0	0	117	2353	63965	0	9509	9509	0	0	17474	41	284	311	NORM	ACT	1	0
20131204-061053	15504	990244	4499282	1756525	2742757	1419903	19850	0	1	0	0	0	0	0	1	1	1	1	1	1	1	0	0	117	2353	63954	0	9509	9509	0	0	17486	45	293	311	NORM	ACT	1	0
20131204-061057	15504	990244	4499282	1756525	2742757	1419903	19850	0	1	0	0	0	0	0	1	1	1	1	1	1	1	0	0	117	2353	63965	0	9509	9509	0	0	17489	42	266	284	NORM	ACT	1	0
20131204-061059	15504	990244	4499282	1756525	2742757	1419903	19850	0	1	0	0	0	0	0	1	1	1	1	1	1	1	0	0	117	2353	63965	0	9509	9509	0	0	17486	41	266	284	NORM	ACT	1	0
20131204-061103	15504	990244	4499282	1756525	2742757	1419903	19850	0	1	0	0	0	0	0	1	1	1	1	1	1	1	0	0	117	2353	63965	0	9509	9509	0	0	17465	38	248	248	NORM	ACT	1	0
20131204-061105	15504	990244	4499282	1756525	2742757	1419903	19850	0	1	0	0	0	0	0	1	1	1	1	1	1	1	0	0	117	2353	63965	0	9509	9509	0	0	17484	36	231	239	NORM	ACT	1	0
20131204-061107	15504	990244	4499282	1756525	2742757	1419903	19850	0	1	0	0	0	0	0	1	1	1	1	1	1	1	0	0	117	2353	63965	0	9509	9509	0	0	17475	36	222	239	NORM	ACT	1	0
20131204-061111	15504	990244	4499282	1756525	2742757	1419903	19850	0	1	0	0	0	0	0	1	1	1	1	1	1	1	0	0	117	2353	63954	0	9509	9509	0	0	17471	36	231	248	NORM	ACT	1	0
20131204-061115	15504	990244	4499282	1756525	2742757	1419903	19850	0	1	0	0	0	0	0	1	1	1	1	1	1	1	0	0	117	2353	63965	0	9509	9509	0	0	17459	48	311	328	NORM	ACT	1	0
20131204-061119	15504	990244	4499282	1756525	2742757	1419903	19850	0	1	0	0	0	0	0	1	1	1	1	1	1	1	0	0	117	2353	63965	0	9509	9509	0	0	17472	43	284	293	NORM	ACT	1	0
20131204-061121	15504	990244	4499282	1756525	2742757	1419903	19850	0	1	0	0	0	0	0	1	1	1	1	1	1	1	0	0	117	2353	63965	0	9509	9509	0	0	17477	43	284	293	NORM	ACT	1	0
20131204-061123	15504	990244	4499282	1756525	2742757	1419903	19850	0	1	0	0	0	0	0	1	1	1	1	1	1	1	0	0	117	2353	63965	0	9509	9509	0	0	17468	43	275	293	NORM	ACT	1	0
20131204-061125	15504	990244	4499282	1756525	2742757	1419903	19850	0	1	0	0	0	0	0	1	1	1	1	1	1	1	0	0	117	2353	63965	0	9509	9444	0	0	17471	43	275	293	NORM	ACT	1	0
20131204-061127	15504	990244	4499282	1756525	2742757	1419903	19850	0	1	0	0	0	0	0	1	1	1	1	1	1	1	0	0	117	2353	63965	0	9509	9509	0	0	17479	43	275	293	NORM	ACT	1	0
20131204-061130	15504	990244	4499282	1756525	2742757	1419903	19850	0	1	0	0	0	0	0	1	1	1	1	1	1	1	0	0	117	2353	63965	0	9509	9509	0	0	17491	44	284	293	NORM	ACT	1	0
20131204-061132	15504	990244	4499282	1756525	2742757	1419903	19850	0	1	0	0	0	0	0	1	1	1	1	1	1	1	0	0	117	2353	63965	0	9509	9509	0	0	17478	44	275	284	NORM	ACT	1	0
20131204-061136	15504	990244	4499282	1756525	2742757	1419903	19850	0	1	0	0	0	0	0	1	1	1	1	1	1	1	0	0	117	2353	63965	0	9509	9509	0	0	17478	43	284	284	NORM	ACT	1	0
20131204-061140	15504	990244	4499282	1756525	2742757	1419903	19850	0	1	0	0	0	0	0	1	1	1	1	1	1	1	0	0	117	2353	63965	0	9509	9509	0	0	17481	39	257	266	NORM	ACT	1	0
20131204-061144	15504	990244	4499283	1756525	2742758	1419903	19850	0	1	0	0	0	0	0	1	1	1	1	1	1	1	0	0	117	2353	63965	0	9509	9509	0	0	17488	32	204	213	NORM	ACT	1	0
20131204-061146	15504	990244	4499283	1756525	2742758	1419903	19850	0	1	0	0	0	0	0	1	1	1	1	1	1	1	0	0	117	2353	63965	0	9509	9509	0	0	17489	32	204	222	NORM	ACT	1	0
20131204-061148	15504	990244	4499283	1756525	2742758	1419903	19850	0	1	0	0	0	0	0	1	1	1	1	1	1	1	0	0	117	2353	63965	0	9509	9509	0	0	17469	31	204	222	NORM	ACT	1	0
20131204-061152	15504	990244	4499283	1756525	2742758	1419903	19850	0	1	0	0	0	0	0	1	1	1	1	1	1	1	0	0	117	2353	63965	0	9509	9509	0	0	17484	36	239	257	NORM	ACT	1	0
20131204-061154	15504	990244	4499283	1756525	2742758	1419903	19850	0	1	0	0	0	0	0	1	1	1	1	1	1	1	0	0	117	2353	63965	0	9509	9509	0	0	17490	36	239	248	NORM	ACT	1	0
20131204-061158	15504	990244	4499283	1756525	2742758	1419903	19850	0	1	0	0	0	0	0	1	1	1	1	1	1	1	0	0	117	2353	63954	0	9573	9509	0	0	17495	36	248	257	NORM	ACT	1	0
20131204-061200	15504	990244	4499283	1756525	2742758	1419903	19850	0	1	0	0	0	0	0	1	1	1	1	1	1	1	0	0	117	2353	63965	0	9509	9509	0	0	17483	36	248	257	NORM	ACT	1	0
20131204-061202	15504	990244	4499283	1756525	2742758	1419903	19850	0	1	0	0	0	0	0	1	1	1	1	1	1	1	0	0	117	2353	63965	0	9509	9509	0	0	17496	36	239	257	NORM	ACT	1	0
20131204-061206	15504	990244	4499283	1756525	2742758	1419903	19850	0	1	0	0	0	0	0	1	1	1	1	1	1	1	0	0	117	2353	63965	0	9509	9509	0	0	17498	36	239	248	NORM	ACT	1	0
20131204-061208	15504	990244	4499283	1756525	2742758	1419903	19850	0	1	0	0	0	0	0	1	1	1	1	1	1	1	0	0	117	2353	63965	0	9509	9509	0	0	17494	36	239	257	NORM	ACT	1	0
20131204-061210	15504	990244	4499283	1756525	2742758	1419903	19850	0	1	0	0	0	0	0	1	1	1	1	1	1	1	0	0	117	2353	63965	0	9509	9509	0	0	17511	34	222	231	NORM	ACT	1	0
20131204-061212	15504	990244	4499283	1756525	2742758	1419903	19850	0	1	0	0	0	0	0	1	1	1	1	1	1	1	0	0	117	2353	63965	0	9509	9509	0	0	17477	34	222	231	NORM	ACT	1	0
20131204-061214	15504	990244	4499283	1756525	2742758	1419903	19850	0	1	0	0	0	0	0	1	1	1	1	1	1	1	0	0	117	2353	63965	0	9509	9509	0	0	17451	42	275	302	NORM	ACT	1	0
20131204-061216	15504	990244	4499283	1756525	2742758	1419903	19850	0	1	0	0	0	0	0	1	1	1	1	1	1	1	0	0	117	2353	63954	0	9509	9509	0	0	17460	41	266	284	NORM	ACT	1	0
20131204-061218	15504	990244	4499283	1756525	2742758	1419903	19850	0	1	0	0	0	0	0	1	1	1	1	1	1	1	0	0	117	2353	63965	0	9509	9509	0	0	17484	41	266	284	NORM	ACT	1	0
20131204-061222	15504	990244	4499283	1756525	2742758	1419903	19850	0	1	0	0	0	0	0	1	1	1	1	1	1	1	0	0	117	2353	63965	0	9509	9509	0	0	17488	41	266	284	NORM	ACT	1	0
20131204-061224	15504	990244	4499283	1756525	2742758	1419903	19850	0	1	0	0	0	0	0	1	1	1	1	1	1	1	0	0	117	2353	63965	0	9509	9509	0	0	17493	40	266	275	NORM	ACT	1	0
20131204-061228	15504	990244	4499283	1756525	2742758	1419903	19850	0	1	0	0	0	0	0	1	1	1	1	1	1	1	0	0	117	2353	63965	0	9509	9509	0	0	17496	36	231	248	NORM	ACT	1	0
20131204-061230	15504	990244	4499283	1756525	2742758	1419903	19850	0	1	0	0	0	0	0	1	1	1	1	1	1	1	0	0	117	2353	63965	0	9509	9509	0	0	17495	36	231	239	NORM	ACT	1	0
20131204-061232	15504	990244	4499283	1756525	2742758	1419903	19850	0	1	0	0	0	0	0	1	1	1	1	1	1	1	0	0	117	2353	63965	0	9509	9509	0	0	17498	36	231	231	NORM	ACT	1	0
20131204-061234	15504	990244	4499283	1756525	2742758	1419903	19850	0	1	0	0	0	0	0	1	1	1	1	1	1	1	0	0	117	2353	63965	0	9509	9509	0	0	17497	29	195	204	NORM	ACT	1	0
20131204-061238	15504	990244	4499283	1756525	2742758	1419903	19850	0	1	0	0	0	0	0	1	1	1	1	1	1	1	0	0	117	2353	63965	0	9509	9509	0	0	17492	24	159	168	NORM	ACT	1	0
20131204-061240	15504	990244	4499283	1756525	2742758	1419903	19850	0	1	0	0	0	0	0	1	1	1	1	1	1	1	0	0	117	2353	63965	0	9509	9509	0	0	17484	24	151	168	NORM	ACT	1	0
20131204-061244	15504	990244	4499284	1756525	2742759	1419903	19850	0	1	0	0	0	0	0	1	1	1	1	1	1	1	0	0	117	2353	63965	0	9509	9509	0	0	17482	23	151	168	NORM	ACT	1	0
20131204-061249	15504	990244	4499284	1756525	2742759	1419903	19850	0	1	0	0	0	0	0	1	1	1	1	1	1	1	0	0	117	2353	63965	0	9509	9509	0	0	17496	23	151	168	NORM	ACT	1	0
20131204-061253	15504	990244	4499284	1756525	2742759	1419903	19850	0	1	0	0	0	0	0	1	1	1	1	1	1	1	0	0	117	2353	63965	0	9509	9509	0	0	17497	23	151	168	NORM	ACT	1	0
20131204-061255	15504	990244	4499284	1756525	2742759	1419903	19850	0	1	0	0	0	0	0	1	1	1	1	1	1	1	0	0	117	2353	63965	0	9509	9509	0	0	17495	23	159	168	NORM	ACT	1	0
20131204-061257	15504	990244	4499284	1756525	2742759	1419903	19850	0	1	0	0	0	0	0	1	1	1	1	1	1	1	0	0	117	2353	63965	0	9509	9509	0	0	17494	21	151	142	NORM	ACT	1	0
20131204-061259	15504	990244	4499284	1756525	2742759	1419903	19850	0	1	0	0	0	0	0	1	1	1	1	1	1	1	0	0	117	2353	63965	0	9509	9509	0	0	17481	18	133	133	NORM	ACT	1	0
20131204-061301	15504	990244	4499284	1756525	2742759	1419903	19850	0	1	0	0	0	0	0	1	1	1	1	1	1	1	0	0	117	2353	63965	0	9509	9509	0	0	17483	18	124	142	NORM	ACT	1	0
20131204-061303	15504	990244	4499284	1756525	2742759	1419903	19850	0	1	0	0	0	0	0	1	1	1	1	1	1	1	0	0	117	2353	63965	0	9509	9509	0	0	17496	18	133	142	NORM	ACT	1	0
20131204-061307	15504	990244	4499284	1756525	2742759	1419903	19850	0	1	0	0	0	0	0	1	1	1	1	1	1	1	0	0	117	2353	63965	0	9509	9509	0	0	17489	18	133	142	NORM	ACT	1	0
20131204-061309	15504	990244	4499284	1756525	2742759	1419903	19850	0	1	0	0	0	0	0	1	1	1	1	1	1	1	0	0	117	2353	63965	0	9573	9509	0	0	17506	18	133	142	NORM	ACT	1	0
20131204-061313	15504	990244	4499284	1756525	2742759	1419903	19850	0	1	0	0	0	0	0	1	1	1	1	1	1	1	0	0	117	2353	63954	0	9509	9509	0	0	17496	6	97	142	NORM	ACT	1	0
20131204-061317	15504	990244	4499284	1756525	2742759	1419903	19850	0	1	0	0	0	0	0	1	1	1	1	1	1	1	0	0	117	2353	63965	0	9509	9509	0	0	17499	43	284	293	NORM	ACT	1	0
20131204-061321	15504	990244	4499284	1756525	2742759	1419903	19850	0	1	0	0	0	0	0	1	1	1	1	1	1	1	0	0	118	2353	63963	0	9509	9509	0	0	17507	43	284	293	NORM	ACT	1	0
20131204-061323	15504	990244	4499284	1756525	2742759	1419903	19850	0	1	0	0	0	0	0	1	1	1	1	1	1	1	0	0	118	2353	63952	0	9509	9509	0	0	17494	43	284	293	NORM	ACT	1	0
20131204-061325	15504	990244	4499284	1756525	2742759	1419903	19850	0	1	0	0	0	0	0	1	1	1	1	1	1	1	0	0	118	2353	63963	0	9444	9444	0	0	17499	43	284	302	NORM	ACT	1	0
20131204-061327	15504	990244	4499284	1756525	2742759	1419903	19850	0	1	0	0	0	0	0	1	1	1	1	1	1	1	0	0	118	2353	63952	0	9509	9509	0	0	17489	44	284	284	NORM	ACT	1	0
20131204-061331	15504	990244	4499284	1756525	2742759	1419903	19850	0	1	0	0	0	0	0	1	1	1	1	1	1	1	0	0	118	2353	63963	0	9444	9444	0	0	17493	38	248	266	NORM	ACT	1	0
20131204-061333	15504	990244	4499284	1756525	2742759	1419903	19850	0	1	0	0	0	0	0	1	1	1	1	1	1	1	0	0	118	2353	63963	0	9509	9509	0	0	17485	36	248	257	NORM	ACT	1	0
20131204-061337	15504	990244	4499284	1756525	2742759	1419903	19850	0	1	0	0	0	0	0	1	1	1	1	1	1	1	0	0	118	2353	63963	0	9444	9444	0	0	17481	36	239	257	NORM	ACT	1	0
20131204-061339	15504	990244	4499284	1756525	2742759	1419903	19850	0	1	0	0	0	0	0	1	1	1	1	1	1	1	0	0	118	2353	63963	0	9509	9509	0	0	17474	36	248	257	NORM	ACT	1	0
20131204-061341	15504	990244	4499285	1756525	2742760	1419903	19850	0	1	0	0	0	0	0	1	1	1	1	1	1	1	0	0	118	2353	63952	0	9509	9509	0	0	17475	36	239	257	NORM	ACT	1	0
20131204-061343	15504	990244	4499285	1756525	2742760	1419903	19850	0	1	0	0	0	0	0	1	1	1	1	1	1	1	0	0	118	2353	63963	0	9444	9444	0	0	17479	36	239	257	NORM	ACT	1	0
20131204-061345	15504	990244	4499285	1756525	2742760	1419903	19850	0	1	0	0	0	0	0	1	1	1	1	1	1	1	0	0	118	2353	63952	0	9509	9509	0	0	17477	36	239	257	NORM	ACT	1	0
20131204-061347	15504	990244	4499285	1756525	2742760	1419903	19850	0	1	0	0	0	0	0	1	1	1	1	1	1	1	0	0	118	2353	63952	0	9444	9444	0	0	17491	36	239	257	NORM	ACT	1	0
20131204-061351	15504	990244	4499285	1756525	2742760	1419903	19850	0	1	0	0	0	0	0	1	1	1	1	1	1	1	0	0	118	2353	63952	0	9509	9509	0	0	17477	42	275	293	NORM	ACT	1	0
20131204-061355	15504	990244	4499285	1756525	2742760	1419903	19850	0	1	0	0	0	0	0	1	1	1	1	1	1	1	0	0	118	2353	63963	0	9444	9509	0	0	17489	43	284	293	NORM	ACT	1	0
20131204-061359	15504	990244	4499285	1756525	2742760	1419903	19850	0	1	0	0	0	0	0	1	1	1	1	1	1	1	0	0	118	2353	63952	0	9509	9444	0	0	17499	43	275	293	NORM	ACT	1	0
20131204-061403	15504	990244	4499285	1756525	2742760	1419903	19850	0	1	0	0	0	0	0	1	1	1	1	1	1	1	0	0	118	2353	63952	0	9509	9509	0	0	17497	43	275	293	NORM	ACT	1	0
20131204-061405	15504	990244	4499285	1756525	2742760	1419903	19850	0	1	0	0	0	0	0	1	1	1	1	1	1	1	0	0	118	2353	63952	0	9444	9444	0	0	17496	43	275	293	NORM	ACT	1	0
20131204-061409	15504	990244	4499285	1756525	2742760	1419903	19850	0	1	0	0	0	0	0	1	1	1	1	1	1	1	0	0	118	2353	63952	0	9509	9509	0	0	17498	42	266	266	NORM	ACT	1	0
20131204-061412	15504	990244	4499285	1756525	2742760	1419903	19850	0	1	0	0	0	0	0	1	1	1	1	1	1	1	0	0	118	2353	63952	0	9444	9444	0	0	17502	36	239	257	NORM	ACT	1	0
20131204-061414	15504	990244	4499285	1756525	2742760	1419903	19850	0	1	0	0	0	0	0	1	1	1	1	1	1	1	0	0	118	2353	63963	0	9444	9444	0	0	17503	36	239	266	NORM	ACT	1	0
20131204-061416	15504	990244	4499285	1756525	2742760	1419903	19850	0	1	0	0	0	0	0	1	1	1	1	1	1	1	0	0	118	2353	63952	0	9509	9509	0	0	17509	48	319	328	NORM	ACT	1	0
20131204-061418	15504	990244	4499285	1756525	2742760	1419903	19850	0	1	0	0	0	0	0	1	1	1	1	1	1	1	0	0	118	2353	63963	0	9444	9444	0	0	17502	46	293	311	NORM	ACT	1	0
20131204-061420	15504	990244	4499285	1756525	2742760	1419903	19850	0	1	0	0	0	0	0	1	1	1	1	1	1	1	0	0	118	2353	63963	0	9444	9509	0	0	17497	45	284	311	NORM	ACT	1	0
20131204-061422	15504	990244	4499285	1756525	2742760	1419903	19850	0	1	0	0	0	0	0	1	1	1	1	1	1	1	0	0	118	2353	63952	0	9509	9509	0	0	17495	45	293	302	NORM	ACT	1	0
20131204-061426	15504	990244	4499285	1756525	2742760	1419903	19850	0	1	0	0	0	0	0	1	1	1	1	1	1	1	0	0	118	2353	63963	0	9509	9509	0	0	17498	45	293	302	NORM	ACT	1	0
20131204-061430	15504	990244	4499285	1756525	2742760	1419903	19850	0	1	0	0	0	0	0	1	1	1	1	1	1	1	0	0	118	2353	63952	0	9444	9444	0	0	17503	41	266	284	NORM	ACT	1	0
20131204-061432	15504	990244	4499285	1756525	2742760	1419903	19850	0	1	0	0	0	0	0	1	1	1	1	1	1	1	0	0	118	2353	63952	0	9509	9444	0	0	17495	41	266	284	NORM	ACT	1	0
20131204-061436	15504	990244	4499285	1756525	2742760	1419903	19850	0	1	0	0	0	0	0	1	1	1	1	1	1	1	0	0	118	2353	63952	0	9444	9444	0	0	17502	36	231	231	NORM	ACT	1	0
20131204-061438	15504	990244	4499285	1756525	2742760	1419903	19850	0	1	0	0	0	0	0	1	1	1	1	1	1	1	0	0	118	2353	63952	0	9444	9444	0	0	17495	36	231	248	NORM	ACT	1	0
20131204-061442	15504	990244	4499286	1756525	2742761	1419903	19850	0	1	0	0	0	0	0	1	1	1	1	1	1	1	0	0	118	2353	63963	0	9444	9444	0	0	17493	36	231	239	NORM	ACT	1	0
20131204-061446	15504	990244	4499286	1756525	2742761	1419903	19850	0	1	0	0	0	0	0	1	1	1	1	1	1	1	0	0	118	2353	63963	0	9444	9444	0	0	17485	32	204	213	NORM	ACT	1	0
20131204-061450	15504	990244	4499286	1756525	2742761	1419903	19850	0	1	0	0	0	0	0	1	1	1	1	1	1	1	0	0	118	2353	63963	0	9509	9509	0	0	17489	31	204	222	NORM	ACT	1	0
20131204-061452	15504	990244	4499286	1756525	2742761	1419903	19850	0	1	0	0	0	0	0	1	1	1	1	1	1	1	0	0	118	2353	63952	0	9509	9509	0	0	17498	36	239	248	NORM	ACT	1	0
20131204-061454	15504	990244	4499286	1756525	2742761	1419903	19850	0	1	0	0	0	0	0	1	1	1	1	1	1	1	0	0	118	2353	63963	0	9444	9509	0	0	17491	36	239	257	NORM	ACT	1	0
20131204-061456	15504	990244	4499286	1756525	2742761	1419903	19850	0	1	0	0	0	0	0	1	1	1	1	1	1	1	0	0	118	2353	63963	0	9444	9444	0	0	17498	36	239	257	NORM	ACT	1	0
20131204-061458	15504	990244	4499286	1756525	2742761	1419903	19850	0	1	0	0	0	0	0	1	1	1	1	1	1	1	0	0	118	2353	63952	0	9509	9509	0	0	17509	36	239	257	NORM	ACT	1	0
20131204-061500	15504	990244	4499286	1756525	2742761	1419903	19850	0	1	0	0	0	0	0	1	1	1	1	1	1	1	0	0	118	2353	63952	0	9509	9509	0	0	17499	36	239	257	NORM	ACT	1	0
20131204-061502	15504	990244	4499286	1756525	2742761	1419903	19850	0	1	0	0	0	0	0	1	1	1	1	1	1	1	0	0	118	2353	63952	0	9444	9444	0	0	17517	36	239	257	NORM	ACT	1	0
20131204-061506	15504	990244	4499286	1756525	2742761	1419903	19850	0	1	0	0	0	0	0	1	1	1	1	1	1	1	0	0	118	2353	63963	0	9444	9444	0	0	17512	36	239	257	NORM	ACT	1	0
20131204-061510	15504	990244	4499286	1756525	2742761	1419903	19850	0	1	0	0	0	0	0	1	1	1	1	1	1	1	0	0	118	2353	63963	0	9444	9509	0	0	17504	32	204	222	NORM	ACT	1	0
20131204-061514	15504	990244	4499286	1756525	2742761	1419903	19850	0	1	0	0	0	0	0	1	1	1	1	1	1	1	0	0	118	2353	63963	0	9444	9509	0	0	17528	35	231	248	NORM	ACT	1	0
20131204-061520	15504	990244	4499286	1756525	2742761	1419903	19850	0	1	0	0	0	0	0	1	1	1	1	1	1	1	0	0	118	2353	63963	0	9444	9444	0	0	17521	37	231	257	NORM	ACT	1	0
20131204-061524	15504	990244	4499286	1756525	2742761	1419903	19850	0	1	0	0	0	0	0	1	1	1	1	1	1	1	0	0	118	2353	63952	0	9509	9444	0	0	17483	37	239	257	NORM	ACT	1	0
20131204-070200	15504	990244	4499498	1756627	2742871	1419946	19850	0	1	0	0	0	0	0	1	1	1	1	1	1	1	0	0	132	4547	63944	0	8609	8609	0	0	17459	31	204	213	NORM	CH_E	12	0
20131204-070202	15504	990244	4499498	1756627	2742871	1419946	19850	0	1	0	0	0	0	0	1	1	1	1	1	1	1	0	0	132	4547	63944	0	8545	8545	0	0	17412	31	204	213	NORM	CH_E	12	0
20131204-070204	15504	990244	4499498	1756627	2742871	1419946	19850	0	1	0	0	0	0	0	1	1	1	1	1	1	1	0	0	132	4547	63968	0	8545	8545	0	0	17376	31	204	231	NORM	CH_E	12	0
20131204-071131	15504	990244	4499515	1756638	2742877	1419952	19851	0	1	0	0	0	0	0	0	1	1	1	1	1	1	0	0	122	4800	63946	0	9252	9252	0	0	17457	33	213	231	NORM	CH_E	14	0
20131204-071133	15504	990244	4499515	1756638	2742877	1419952	19851	0	1	0	0	0	0	0	0	1	1	1	1	1	1	0	0	122	4800	63946	0	9252	9187	0	0	17430	29	195	204	NORM	CH_E	14	0
20131204-071135	15504	990244	4499515	1756638	2742877	1419952	19851	0	1	0	0	0	0	0	0	1	1	1	1	1	1	0	0	122	4800	63957	0	9187	9187	0	0	17436	29	195	195	NORM	CH_E	14	0
20131204-071139	15504	990244	4499515	1756638	2742877	1419952	19851	0	1	0	0	0	0	0	0	1	1	1	1	1	1	0	0	121	4800	63958	0	9187	9187	0	0	17474	28	186	204	NORM	CH_E	14	0
20131204-071141	15504	990244	4499515	1756638	2742877	1419952	19851	0	1	0	0	0	0	0	0	1	1	1	1	1	1	0	0	121	4800	63970	0	9187	9187	0	0	17484	27	186	204	NORM	CH_E	14	0
20131204-071143	15504	990244	4499515	1756638	2742877	1419952	19851	0	1	0	0	0	0	0	0	1	1	1	1	1	1	0	0	121	4800	63970	0	9187	9187	0	0	17493	25	168	186	NORM	CH_E	14	0
20131204-071147	15504	990244	4499515	1756638	2742877	1419952	19851	0	1	0	0	0	0	0	0	1	1	1	1	1	1	0	0	121	4800	63970	0	9187	9187	0	0	17433	24	159	168	NORM	CH_E	14	0
20131204-071149	15504	990244	4499515	1756638	2742877	1419952	19851	0	1	0	0	0	0	0	0	1	1	1	1	1	1	0	0	121	4800	63970	0	9187	9187	0	0	17490	18	142	151	NORM	CH_E	14	0
20131204-071153	15504	990244	4499515	1756638	2742877	1419952	19851	0	1	0	0	0	0	0	0	1	1	1	1	1	1	0	0	121	4800	63958	0	9252	9252	0	0	17433	17	133	151	NORM	CH_E	14	0
20131204-071155	15504	990244	4499515	1756638	2742877	1419952	19851	0	1	0	0	0	0	0	0	1	1	1	1	1	1	0	0	121	4800	63958	0	9187	9187	0	0	17382	18	133	151	NORM	CH_E	14	0
20131204-071157	15504	990244	4499515	1756638	2742877	1419952	19851	0	1	0	0	0	0	0	0	1	1	1	1	1	1	0	0	121	4800	63948	0	9252	9252	0	0	17423	17	133	151	NORM	CH_E	14	0
20131204-071201	15504	990244	4499515	1756638	2742877	1419952	19851	0	1	0	0	0	0	0	0	1	1	1	1	1	1	0	0	121	4800	63948	0	9316	9316	0	0	17429	18	133	151	NORM	CH_E	14	0
20131204-071205	15504	990244	4499515	1756638	2742877	1419952	19851	0	1	0	0	0	0	0	0	1	1	1	1	1	1	0	0	120	4800	63959	0	9316	9316	0	0	17468	26	177	195	NORM	CH_E	14	0
20131204-071209	15504	990244	4499515	1756638	2742877	1419952	19851	0	1	0	0	0	0	0	0	1	1	1	1	1	1	0	0	120	4800	63959	0	9316	9316	0	0	17548	30	195	213	NORM	CH_E	14	0
20131204-071211	15504	990244	4499515	1756638	2742877	1419952	19851	0	1	0	0	0	0	0	0	1	1	1	1	1	1	0	0	120	4800	63959	0	9316	9316	0	0	17543	30	195	204	NORM	CH_E	14	0
20131204-071215	15504	990244	4499515	1756638	2742877	1419952	19851	0	1	0	0	0	0	0	0	1	1	1	1	1	1	0	0	120	4800	63959	0	9316	9316	0	0	17528	36	239	248	NORM	CH_E	14	0
20131204-071217	15504	990244	4499515	1756638	2742877	1419952	19851	0	1	0	0	0	0	0	0	1	1	1	1	1	1	0	0	120	4800	63959	0	9444	9444	0	0	17498	31	204	239	NORM	CH_E	14	0
20131204-071219	15504	990244	4499515	1756638	2742877	1419952	19851	0	1	0	0	0	0	0	0	1	1	1	1	1	1	0	0	120	4800	63959	0	9316	9316	0	0	17468	37	239	257	NORM	CH_E	14	0
20131204-071221	15504	990244	4499515	1756638	2742877	1419952	19851	0	1	0	0	0	0	0	0	1	1	1	1	1	1	0	0	120	4800	63959	0	9316	9316	0	0	17495	36	239	257	NORM	CH_E	14	0
20131204-071225	15504	990244	4499515	1756638	2742877	1419952	19851	0	1	0	0	0	0	0	1	0	1	1	1	1	1	1	0	120	4800	63949	0	9380	9380	0	0	17495	9	44	35	OFF	FIM_M	14	0
#eof
