20131205-055658	27065	990244	181083	1757960	2147483647	1420465	19870	0	1	0	0	0	0	0	0	1	1	1	0	1	0	0	5990	117	2152	64932	0	3662	0	64619	64615	17329	284	2355	648	NORM	PA_E	1	0
20131205-055700	27065	990244	181083	1757960	2147483647	1420465	19870	0	1	0	0	0	0	0	0	1	1	1	0	1	0	0	5857	117	2154	65463	0	449	0	65379	65373	17307	7	53	177	NORM	PA_E	1	0
20131205-055702	27065	990244	181083	1757960	2147483647	1420465	19870	0	1	0	0	0	0	0	0	1	1	1	0	1	0	0	5748	117	2157	0	0	0	0	0	0	17310	35	222	231	NORM	PA_E	1	0
20131205-055704	27065	990244	181083	1757960	2147483647	1420465	19870	0	1	0	0	0	0	0	0	1	1	1	0	1	0	0	5671	117	2159	241	3396	0	0	540	530	17302	230	1599	1670	NORM	PA_E	1	0
20131205-055706	27065	990244	181083	1757960	2147483647	1420465	19870	0	1	0	0	0	0	0	0	1	1	1	0	1	0	0	5632	117	2162	305	4260	0	0	605	606	17289	285	1875	1919	NORM	PA_E	1	0
20131205-055708	27065	990244	181083	1757960	2147483647	1420465	19870	0	1	0	0	0	0	0	0	1	1	1	0	1	0	0	5606	117	2164	462	6422	0	0	924	927	17283	389	2595	2755	NORM	PA_E	1	0
20131205-055710	27065	990244	181083	1757960	2147483647	1420465	19870	0	1	0	0	0	0	0	0	1	1	1	0	1	0	0	5600	117	2167	467	6495	0	0	910	938	17265	425	2808	2826	NORM	PA_E	1	0
20131205-055712	27065	990244	181083	1757960	2147483647	1420465	19870	0	1	0	0	0	0	0	0	1	1	1	0	1	0	0	5609	117	2169	622	7959	0	0	441	416	17305	331	2070	1430	NORM	PA_E	1	0
20131205-055716	27065	990244	181083	1757960	2147483647	1420465	19870	0	1	0	0	0	0	0	0	1	1	1	0	1	0	0	5457	117	2174	0	0	0	0	0	0	17305	36	239	248	NORM	PA_E	1	0
20131205-055718	27065	990244	181083	1757960	2147483647	1420465	19870	0	1	0	0	0	0	0	0	1	1	1	0	1	0	0	5367	117	2177	0	0	0	0	0	0	17304	36	231	248	NORM	PA_E	1	0
20131205-055720	27065	990244	181083	1757960	2147483647	1420465	19870	0	1	0	0	0	0	0	0	1	1	1	0	1	0	0	5276	117	2179	0	0	0	0	0	0	17313	36	239	248	NORM	PA_E	1	0
20131205-055722	27065	990244	181083	1757960	2147483647	1420465	19870	0	1	0	0	0	0	0	0	1	1	1	0	1	0	0	5180	117	2182	0	0	0	0	0	0	17317	36	231	248	NORM	PA_E	1	0
20131205-055725	27065	990244	181083	1757960	2147483647	1420465	19870	0	1	0	0	0	0	0	0	1	1	1	0	1	0	0	5092	117	2184	0	0	0	0	0	0	17304	30	204	213	NORM	PA_E	1	0
20131205-055727	27065	990244	181083	1757960	2147483647	1420465	19870	0	1	0	0	0	0	0	0	1	1	1	0	1	0	0	5005	117	2186	0	0	0	0	0	0	17316	30	195	213	NORM	PA_E	1	0
20131205-055729	27065	990244	181083	1757960	2147483647	1420465	19870	0	1	0	0	0	0	0	0	1	1	1	0	1	0	0	4925	117	2188	0	0	0	0	0	0	17310	46	311	328	NORM	PA_E	1	0
20131205-055731	27065	990244	181083	1757960	2147483647	1420465	19870	0	1	0	0	0	0	0	0	1	1	1	0	1	0	0	4822	117	2190	0	0	0	0	0	0	17304	48	319	328	NORM	PA_E	1	0
20131205-055733	27065	990244	181083	1757960	2147483647	1420465	19870	0	1	0	0	0	0	0	0	1	1	1	0	1	0	0	4736	117	2193	0	0	0	0	0	0	17328	48	311	328	NORM	PA_E	1	0
20131205-055735	27065	990244	181083	1757960	2147483647	1420465	19870	0	1	0	0	0	0	0	0	1	1	1	0	1	0	0	4654	117	2195	0	0	0	0	0	0	17317	48	311	328	NORM	PA_E	1	0
20131205-055737	27065	990244	181083	1757960	2147483647	1420465	19870	0	1	0	0	0	0	0	0	1	1	1	0	1	0	0	4572	117	2197	0	0	0	0	0	0	17310	48	319	328	NORM	PA_E	1	0
20131205-055739	27065	990244	181083	1757960	2147483647	1420465	19870	0	1	0	0	0	0	0	0	1	1	1	0	1	0	0	4477	117	2199	0	0	0	0	0	0	17305	48	302	328	NORM	PA_E	1	0
20131205-055741	27065	990244	181083	1757960	2147483647	1420465	19870	0	1	0	0	0	0	0	0	1	1	1	0	1	0	0	4401	117	2201	0	0	0	0	0	0	17320	43	284	293	NORM	PA_E	1	0
20131205-055743	27065	990244	181083	1757960	2147483647	1420466	19870	0	1	0	0	0	0	0	0	1	1	1	0	1	0	0	4329	117	2203	0	0	0	0	0	0	17316	43	275	293	NORM	PA_E	1	0
20131205-055745	27065	990244	181083	1757960	2147483647	1420466	19870	0	1	0	0	0	0	0	0	1	1	1	0	1	0	0	4252	117	2205	0	0	0	0	0	0	17310	39	257	275	NORM	PA_E	1	0
20131205-055747	27065	990244	181083	1757960	2147483647	1420466	19870	0	1	0	0	0	0	0	0	1	1	1	0	1	0	0	4172	117	2206	0	0	0	0	0	0	17316	39	257	328	NORM	PA_E	1	0
20131205-055749	27065	990244	181083	1757960	2147483647	1420466	19870	0	1	0	0	0	0	0	0	1	1	1	0	1	0	0	4077	117	2208	65080	0	2762	0	64603	64598	17323	162	1084	1119	NORM	PA_E	1	0
20131205-055751	27065	990244	181083	1757960	2147483647	1420466	19870	0	1	0	0	0	0	0	0	1	1	1	0	1	0	0	3914	117	2210	64708	0	5075	0	63834	63843	17325	328	2204	2230	NORM	PA_E	1	0
20131205-055753	27065	990244	181083	1757960	2147483647	1420466	19870	0	1	0	0	0	0	0	0	1	1	1	0	1	0	0	3680	117	2212	64708	0	5011	0	63840	63826	17332	320	2097	2088	NORM	PA_E	1	0
20131205-055755	27065	990244	181083	1757960	2147483647	1420466	19870	0	1	0	0	0	0	0	0	1	1	1	0	1	0	0	3435	117	2213	64698	0	5075	0	63850	63839	17328	294	1902	1919	NORM	PA_E	1	0
20131205-055757	27065	990244	181083	1757960	2147483647	1420466	19870	0	1	0	0	0	0	0	0	1	1	1	0	1	0	0	3202	117	2215	64698	0	5075	0	63849	63830	17326	270	1759	1759	NORM	PA_E	1	0
20131205-055759	27065	990244	181083	1757960	2147483647	1420466	19870	0	1	0	0	0	0	0	0	1	1	1	0	1	0	0	3011	117	2216	65526	0	0	0	65522	65535	17323	63	284	248	NORM	PA_E	1	0
20131205-055801	27065	990244	181083	1757960	2147483647	1420466	19870	0	1	0	0	0	0	0	0	1	1	1	0	1	0	0	2930	117	2218	0	0	0	0	0	0	17311	25	159	177	NORM	PA_E	1	0
20131205-055804	27065	990244	181083	1757960	2147483647	1420466	19870	0	1	0	0	0	0	0	0	1	1	1	0	1	0	0	2858	117	2219	0	0	0	0	0	0	17319	24	159	177	NORM	PA_E	1	0
20131205-055806	27065	990244	181083	1757960	2147483647	1420466	19870	0	1	0	0	0	0	0	0	1	1	1	0	1	0	0	2786	117	2220	0	0	0	0	0	0	17317	27	186	195	NORM	PA_E	1	0
20131205-055808	27065	990244	181083	1757960	2147483647	1420466	19870	0	1	0	0	0	0	0	0	1	1	1	0	1	0	0	2703	117	2221	0	0	0	0	0	0	17316	27	177	195	NORM	PA_E	1	0
20131205-055810	27065	990244	181083	1757960	2147483647	1420466	19870	0	1	0	0	0	0	0	0	1	1	1	0	1	0	0	2633	117	2222	0	0	0	0	0	0	17317	27	177	195	NORM	PA_E	1	0
20131205-055812	27065	990244	181083	1757960	2147483647	1420466	19870	0	1	0	0	0	0	0	0	1	1	1	0	1	0	0	2560	117	2224	3	266	0	0	247	238	17316	81	506	755	NORM	PA_E	1	0
20131205-055814	27065	990244	181083	1757960	2147483647	1420466	19870	0	1	0	0	0	0	0	0	1	1	1	0	1	0	0	2523	117	2225	376	2387	0	0	761	755	17307	190	1253	1279	NORM	PA_E	1	0
20131205-055816	27065	990244	181083	1757960	2147483647	1420466	19870	0	1	0	0	0	0	0	0	1	1	1	0	1	0	0	2529	117	2226	376	2367	0	0	761	753	17301	189	1235	1253	NORM	PA_E	1	0
20131205-055818	27065	990244	181083	1757960	2147483647	1420466	19870	0	1	0	0	0	0	0	0	1	1	1	0	1	0	0	2533	117	2227	376	2370	0	0	753	753	17308	189	1235	1262	NORM	PA_E	1	0
20131205-055820	27065	990244	181083	1757960	2147483647	1420466	19870	0	1	0	0	0	0	0	0	1	1	1	0	1	0	0	2537	117	2228	687	4344	0	0	1542	1538	17292	285	1786	2159	NORM	PA_E	1	0
20131205-055822	27065	990244	181083	1757960	2147483647	1420466	19870	0	1	0	0	0	0	0	0	1	1	1	0	1	0	0	2601	117	2229	751	4884	0	0	1490	1491	17293	336	2213	2230	NORM	PA_E	1	0
20131205-055824	27065	990244	181083	1757960	2147483647	1420466	19870	0	1	0	0	0	0	0	0	1	1	1	0	1	0	0	2671	117	2230	732	4763	0	0	1319	1309	17282	320	2070	2062	NORM	PA_E	1	0
20131205-055826	27065	990244	181083	1757960	2147483647	1420466	19870	0	1	0	0	0	0	0	0	1	1	1	0	1	0	0	2741	117	2232	651	2800	0	0	485	467	17310	185	1128	808	NORM	PA_E	1	0
20131205-055828	27065	990244	181083	1757960	2147483647	1420466	19870	0	1	0	0	0	0	0	0	1	1	1	0	1	0	0	2702	117	2233	0	0	0	0	0	2	17304	50	311	346	NORM	PA_E	1	0
20131205-055830	27065	990244	181083	1757960	2147483647	1420466	19870	0	1	0	0	0	0	0	0	1	1	1	0	1	0	0	2625	117	2234	0	1	0	0	361	513	17310	87	657	791	NORM	PA_E	1	0
20131205-055832	27065	990244	181083	1757960	2147483647	1420466	19870	0	1	0	0	0	0	0	0	1	1	1	0	1	0	0	2591	117	2235	244	1570	0	0	488	629	17299	162	977	1199	NORM	PA_E	1	0
20131205-055834	27065	990244	181083	1757960	2147483647	1420466	19870	0	1	0	0	0	0	0	0	1	1	1	0	1	0	0	2574	117	2236	404	2601	0	0	813	808	17307	211	1386	1413	NORM	PA_E	1	0
20131205-055836	27065	990244	181083	1757960	2147483647	1420466	19870	0	1	0	0	0	0	0	0	1	1	1	0	1	0	0	2584	117	2238	404	2600	0	0	814	815	17307	212	1395	1422	NORM	PA_E	1	0
20131205-055838	27065	990244	181083	1757962	2147483647	1420466	19870	0	1	0	0	0	0	0	0	1	1	1	0	1	0	0	2620	117	2239	641	4182	0	0	1288	1283	17295	321	2070	2310	NORM	PA_E	1	0
20131205-055840	27065	990244	181083	1757962	2147483647	1420466	19870	0	1	0	0	0	0	0	0	1	1	1	0	1	0	0	2704	117	2240	826	5765	0	0	1776	1364	17287	405	2702	2622	NORM	PA_E	1	0
20131205-055843	27065	990244	181083	1757962	2147483647	1420466	19870	0	1	0	0	0	0	0	0	1	1	1	0	1	0	0	2795	117	2241	858	6006	0	0	1608	1717	17293	385	2506	2150	NORM	PA_E	1	0
20131205-055845	27065	990244	181083	1757962	2147483647	1420466	19870	0	1	0	0	0	0	0	0	1	1	1	0	1	0	0	2788	117	2242	0	0	0	0	0	0	17311	50	328	204	NORM	PA_E	1	0
20131205-055847	27065	990244	181083	1757962	2147483647	1420466	19870	0	1	0	0	0	0	0	0	1	1	1	0	1	0	0	2714	117	2244	0	0	0	0	0	6	17328	25	186	248	NORM	PA_E	1	0
20131205-055851	27065	990244	181083	1757962	2147483647	1420466	19870	0	1	0	0	0	0	0	0	1	1	1	0	1	0	0	2637	117	2246	379	2488	0	0	762	762	17301	195	1279	1306	NORM	PA_E	1	0
20131205-055853	27065	990244	181083	1757962	2147483647	1420466	19870	0	1	0	0	0	0	0	0	1	1	1	0	1	0	0	2633	117	2247	351	2298	0	0	0	0	17301	133	524	444	NORM	PA_E	1	0
20131205-055855	27065	990244	181083	1757962	2147483647	1420466	19870	0	1	0	0	0	0	0	0	1	1	1	0	1	0	0	2578	117	2248	0	0	0	0	0	0	17314	32	195	186	NORM	PA_E	1	0
20131205-055857	27065	990244	181083	1757962	2147483647	1420466	19870	0	1	0	0	0	0	0	0	1	1	1	0	1	0	0	2500	117	2250	0	0	0	0	0	0	17316	24	159	168	NORM	PA_E	1	0
20131205-055859	27065	990244	181083	1757962	2147483647	1420466	19870	0	1	0	0	0	0	0	0	1	1	1	0	1	0	0	2439	117	2251	0	0	0	0	0	0	17313	19	133	142	NORM	PA_E	1	0
20131205-055901	27065	990244	181083	1757962	2147483647	1420467	19870	0	1	0	0	0	0	0	0	1	1	1	0	1	0	0	2388	117	2252	0	0	0	0	0	0	17305	16	124	142	NORM	PA_E	1	0
20131205-055903	27065	990244	181083	1757962	2147483647	1420467	19870	0	1	0	0	0	0	0	0	1	1	1	0	1	0	0	2349	117	2253	0	0	0	0	0	0	17308	15	124	133	NORM	PA_E	1	0
20131205-055905	27065	990244	181083	1757962	2147483647	1420467	19870	0	1	0	0	0	0	0	0	1	1	1	0	1	0	0	2323	117	2254	0	0	0	0	0	0	17301	21	142	159	NORM	PA_E	1	0
20131205-055907	27065	990244	181083	1757962	2147483647	1420467	19870	0	1	0	0	0	0	0	0	1	1	1	0	1	0	0	2307	117	2255	0	0	0	0	0	0	17319	21	142	159	NORM	PA_E	1	0
20131205-055909	27065	990244	181083	1757962	2147483647	1420467	19870	0	1	0	0	0	0	0	0	1	1	1	0	1	0	0	2271	117	2256	64826	0	4304	0	64515	64523	17314	105	808	657	NORM	PA_E	1	0
20131205-055911	27065	990244	181083	1757962	2147483647	1420467	19870	0	1	0	0	0	0	0	0	1	1	1	0	1	0	0	2172	117	2257	65463	0	449	0	65375	65376	17317	24	159	151	NORM	PA_E	1	0
20131205-055913	27065	990244	181083	1757962	2147483647	1420467	19870	0	1	0	0	0	0	0	0	1	1	1	0	1	0	0	2148	117	2258	65463	0	449	0	65378	65376	17310	15	133	142	NORM	PA_E	1	0
20131205-055915	27065	990244	181083	1757962	2147483647	1420467	19870	0	1	0	0	0	0	0	0	1	1	1	0	1	0	0	2127	117	2259	65463	0	449	0	65376	65384	17322	9	124	133	NORM	PA_E	1	0
20131205-055918	27065	990244	181083	1757962	2147483647	1420467	19870	0	1	0	0	0	0	0	0	1	1	1	0	1	0	0	2104	117	2260	65463	0	449	0	65382	65375	17314	10	124	124	NORM	PA_E	1	0
20131205-055920	27065	990244	181083	1757962	2147483647	1420467	19870	0	1	0	0	0	0	0	0	1	1	1	0	1	0	0	2085	117	2261	65463	0	449	0	65379	65376	17313	11	124	142	NORM	PA_E	1	0
20131205-055922	27065	990244	181083	1757962	2147483647	1420467	19870	0	1	0	0	0	0	0	0	1	1	1	0	1	0	0	2075	117	2262	65463	0	449	0	65378	65380	17310	11	124	142	NORM	PA_E	1	0
20131205-055924	27065	990244	181083	1757962	2147483647	1420467	19870	0	1	0	0	0	0	0	1	1	1	1	0	1	0	0	2020	117	2262	64719	0	4947	0	63878	63878	17323	136	915	942	NORM	PA_E	1	0
20131205-055926	27065	990244	181083	1757962	2147483647	1420467	19870	0	1	0	0	0	0	0	1	1	1	1	0	1	0	0	1864	117	2263	64432	0	6682	0	63379	63393	17332	173	1155	1119	NORM	PA_E	1	0
20131205-055928	27065	990244	181083	1757962	2147483647	1420467	19870	0	1	0	0	0	0	0	1	1	1	1	0	1	0	0	1678	117	2264	64644	0	5332	0	63745	63748	17335	120	755	639	NORM	PA_E	1	0
20131205-055930	27065	990244	181083	1757962	2147483647	1420467	19870	0	1	0	0	0	0	0	1	1	1	1	0	1	0	0	1539	117	2265	64868	0	4047	0	64467	65152	17319	35	266	195	NORM	PA_E	1	0
20131205-055932	27065	990244	181083	1757962	2147483647	1420467	19870	0	1	0	0	0	0	0	1	1	1	1	0	1	0	0	1481	117	2265	65357	0	1092	0	65162	65165	17326	19	142	159	NORM	PA_E	1	0
20131205-055934	27065	990244	181083	1757962	2147483647	1420467	19870	0	1	0	0	0	0	0	1	1	1	1	0	1	0	0	1437	117	2266	65123	0	2505	0	64694	64690	17317	3	88	97	NORM	PA_E	1	0
20131205-055936	27065	990244	181083	1757962	2147483647	1420467	19870	0	1	0	0	0	0	0	1	1	1	1	0	1	0	0	1355	117	2267	65123	0	2505	0	64693	64692	17313	0	71	88	NORM	PA_E	1	0
20131205-055938	27065	990244	181083	1757962	2147483647	1420467	19870	0	1	0	0	0	0	0	1	1	1	1	0	1	0	0	1266	117	2267	64868	0	4047	0	64176	64174	17320	38	248	248	NORM	PA_E	1	0
20131205-055940	27065	990244	181083	1757962	2147483647	1420467	19870	0	1	0	0	0	0	0	1	1	1	1	0	1	0	0	1146	117	2268	64613	0	5589	0	63781	63783	17320	56	337	337	NORM	PA_E	1	0
20131205-055942	27065	990244	181083	1757962	2147483647	1420467	19870	0	1	0	0	0	0	0	1	1	1	1	0	1	0	0	994	117	2268	64719	0	4947	0	64380	64387	17319	18	159	124	NORM	PA_E	1	0
20131205-055944	27065	990244	181083	1757962	2147483647	1420467	19870	0	1	0	0	0	0	0	1	1	1	1	0	1	0	0	880	117	2269	64974	0	3405	0	64389	64386	17310	3	79	88	NORM	PA_E	1	0
20131205-055946	27065	990244	181083	1757962	2147483647	1420467	19870	0	1	0	0	0	0	0	1	1	1	1	0	1	0	0	800	117	2269	64878	0	4754	4754	0	0	17319	30	204	213	NORM	PA_E	1	0
20131205-055948	27065	990244	181083	1757962	2147483647	1420467	19870	0	1	0	0	0	0	0	1	1	1	1	0	1	0	0	666	117	2269	64698	0	5075	5075	0	0	17316	30	195	204	NORM	PA_E	1	0
20131205-055950	27065	990244	181083	1757962	2147483647	1420467	19870	0	1	0	0	0	0	0	1	1	1	1	0	1	0	0	487	117	2270	63645	0	11436	11436	0	0	17325	30	195	213	NORM	PA_E	1	0
20131205-055952	27065	990244	181083	1757962	2147483647	1420467	19870	0	1	0	0	0	0	0	0	1	1	1	0	1	0	0	202	117	2270	63826	0	10344	10023	0	0	17317	30	195	213	NORM	PA_E	1	0
20131205-055954	27065	990244	181083	1757962	2147483647	1420467	19870	0	1	0	0	0	0	0	0	1	1	1	1	1	1	0	7	117	2270	64081	0	8802	9316	0	0	17305	30	195	204	NORM	CH_I	2	0
20131205-055956	27065	990244	181083	1757962	2147483647	1420467	19870	0	1	0	0	0	0	0	0	1	1	1	1	1	1	0	0	117	2270	63922	0	9830	9830	0	0	17314	24	159	168	NORM	CH_E	2	0
20131205-055958	27065	990244	181083	1757962	2147483647	1420467	19870	0	1	0	0	0	0	0	0	1	1	1	1	1	1	0	0	117	2270	63656	0	14584	14584	0	0	17317	24	159	177	NORM	CH_E	2	0
20131205-060000	27065	990244	181083	1757962	2147483647	1420467	19870	0	1	0	0	0	0	0	0	1	1	1	1	1	1	0	0	117	2270	63890	0	9958	9958	0	0	17307	24	159	168	NORM	CH_E	2	0
20131205-060002	27065	990244	181083	1757962	2147483647	1420467	19870	0	1	0	0	0	0	0	0	1	1	1	1	1	1	0	0	117	2270	63911	0	9830	9830	0	0	17320	27	177	195	NORM	CH_E	2	0
20131205-060007	27065	990244	181083	1757962	2147483647	1420467	19870	0	1	0	0	0	0	0	0	1	1	1	1	1	1	0	0	117	2270	63944	0	9637	9637	0	0	17316	30	195	213	NORM	CH_E	2	0
20131205-060009	27065	990244	181083	1757962	2147483647	1420467	19870	0	1	0	0	0	0	0	0	1	1	1	1	1	1	0	0	117	2270	63954	0	9573	9573	0	0	17304	30	195	213	NORM	CH_E	2	0
20131205-060013	27065	990244	181083	1757962	2147483647	1420467	19870	0	1	0	0	0	0	0	0	1	1	1	1	1	1	0	0	117	2270	63965	0	9573	9573	0	0	17301	30	204	213	NORM	CH_E	2	0
20131205-060015	27065	990244	181083	1757962	2147483647	1420467	19870	0	1	0	0	0	0	0	0	1	1	1	1	1	1	0	0	117	2270	63965	0	9573	9573	0	0	17310	30	195	213	NORM	CH_E	2	0
20131205-060019	27065	990244	181083	1757962	2147483647	1420467	19870	0	1	0	0	0	0	0	0	1	1	1	1	1	1	0	0	117	2270	63965	0	9509	9509	0	0	17313	30	195	213	NORM	CH_E	2	0
20131205-060023	27065	990244	181083	1757962	2147483647	1420467	19870	0	1	0	0	0	0	0	0	1	1	1	1	1	1	0	0	117	2270	63965	0	9380	9380	0	0	17310	26	177	186	NORM	CH_E	2	0
20131205-060027	27065	990244	181083	1757962	2147483647	1420467	19870	0	1	0	0	0	0	0	0	1	1	1	1	1	1	0	0	117	2270	63975	0	9444	9380	0	0	17319	26	177	186	NORM	CH_E	2	0
20131205-060031	27065	990244	181083	1757962	2147483647	1420467	19870	0	1	0	0	0	0	0	0	1	1	1	1	1	1	0	0	117	2270	63996	0	9316	9380	0	0	17317	55	355	373	NORM	CH_E	2	0
20131205-060033	27065	990244	181083	1757962	2147483647	1420467	19870	0	1	0	0	0	0	0	0	1	1	1	1	1	1	0	0	117	2270	63986	0	9380	9509	0	0	17319	55	355	373	NORM	CH_E	2	0
20131205-060037	27065	990244	181083	1757962	2147483647	1420467	19870	0	1	0	0	0	0	0	0	1	1	1	1	1	1	0	0	117	2270	63965	0	9573	9573	0	0	17311	48	319	328	NORM	CH_E	2	0
20131205-060039	27065	990244	181084	1757962	2147483647	1420467	19870	0	1	0	0	0	0	0	0	1	1	1	1	1	1	0	0	117	2270	63954	0	9509	9509	0	0	17308	45	293	311	NORM	CH_E	2	0
20131205-060043	27065	990244	181084	1757962	2147483647	1420467	19870	0	1	0	0	0	0	0	0	1	1	1	1	1	1	0	0	117	2270	63965	0	9509	9509	0	0	17322	45	293	311	NORM	CH_E	2	0
20131205-060045	27065	990244	181084	1757962	2147483647	1420467	19870	0	1	0	0	0	0	0	0	1	1	1	1	1	1	0	0	117	2270	63954	0	9573	9573	0	0	17311	45	293	302	NORM	CH_E	2	0
20131205-060049	27065	990244	181084	1757962	2147483647	1420467	19870	0	1	0	0	0	0	0	0	1	1	1	1	1	1	0	0	117	2270	63965	0	9509	9573	0	0	17317	45	293	311	NORM	CH_E	2	0
20131205-060051	27065	990244	181084	1757962	2147483647	1420467	19870	0	1	0	0	0	0	0	0	1	1	1	1	1	1	0	0	117	2270	63954	0	9509	9509	0	0	17301	45	293	311	NORM	CH_E	2	0
20131205-060055	27065	990244	181084	1757962	2147483647	1420467	19870	0	1	0	0	0	0	0	0	1	1	1	1	1	1	0	0	117	2270	63965	0	9573	9573	0	0	17305	45	293	311	NORM	CH_E	2	0
20131205-060057	27065	990244	181084	1757962	2147483647	1420467	19870	0	1	0	0	0	0	0	0	1	1	1	1	1	1	0	0	117	2270	63965	0	9573	9509	0	0	17317	45	293	311	NORM	CH_E	2	0
20131205-060101	27065	990244	181084	1757962	2147483647	1420467	19870	0	1	0	0	0	0	0	0	1	1	1	1	1	1	0	0	117	2270	63965	0	9509	9509	0	0	17310	45	293	302	NORM	CH_E	2	0
20131205-060105	27065	990244	181084	1757962	2147483647	1420467	19870	0	1	0	0	0	0	0	0	1	1	1	1	1	1	0	0	117	2270	63954	0	9509	9509	0	0	17296	48	311	328	NORM	CH_E	2	0
20131205-060109	27065	990244	181084	1757962	2147483647	1420467	19870	0	1	0	0	0	0	0	0	1	1	1	1	1	1	0	0	117	2270	63965	0	9509	9509	0	0	17313	48	311	328	NORM	CH_E	2	0
20131205-060111	27065	990244	181084	1757962	2147483647	1420467	19870	0	1	0	0	0	0	0	0	1	1	1	1	1	1	0	0	117	2270	63954	0	9509	9509	0	0	17311	48	311	328	NORM	CH_E	2	0
20131205-060113	27065	990244	181084	1757962	2147483647	1420467	19870	0	1	0	0	0	0	0	0	1	1	1	1	1	1	0	0	117	2270	63965	0	9509	9509	0	0	17302	45	293	311	NORM	CH_E	2	0
20131205-060115	27065	990244	181084	1757962	2147483647	1420467	19870	0	1	0	0	0	0	0	0	1	1	1	1	1	1	0	0	117	2270	63869	0	10087	13621	0	0	17311	45	293	302	NORM	CH_E	2	0
20131205-060117	27065	990244	181084	1757962	2147483647	1420467	19870	0	1	0	0	0	0	0	0	1	1	1	1	1	1	0	0	117	2270	63890	0	9958	9830	0	0	17307	45	293	302	NORM	CH_E	2	0
20131205-060119	27065	990244	181084	1757962	2147483647	1420467	19870	0	1	0	0	0	0	0	0	1	1	1	1	1	1	0	0	117	2270	63933	0	9766	9766	0	0	17305	45	293	302	NORM	CH_E	2	0
20131205-060121	27065	990244	181084	1757962	2147483647	1420467	19870	0	1	0	0	0	0	0	0	1	1	1	1	1	1	0	0	117	2270	63933	0	9637	9637	0	0	17301	45	293	311	NORM	CH_E	2	0
20131205-060125	27065	990244	181084	1757962	2147483647	1420467	19870	0	1	0	0	0	0	0	0	1	1	1	1	1	1	0	0	117	2270	63869	0	9958	9958	0	0	17307	45	293	311	NORM	CH_E	2	0
20131205-060127	27065	990244	181084	1757962	2147483647	1420467	19870	0	1	0	0	0	0	0	0	1	1	1	1	1	1	0	0	117	2270	63922	0	9766	9766	0	0	17319	48	346	373	NORM	CH_E	2	0
20131205-060131	27065	990244	181084	1757962	2147483647	1420467	19870	0	1	0	0	0	0	0	0	1	1	1	1	1	1	0	0	117	2270	63954	0	9573	9573	0	0	17319	64	417	426	NORM	CH_E	2	0
20131205-060133	27065	990244	181084	1757962	2147483647	1420467	19870	0	1	0	0	0	0	0	0	1	1	1	1	1	1	0	0	117	2270	63954	0	9573	9509	0	0	17320	64	408	426	NORM	CH_E	2	0
20131205-060136	27065	990244	181084	1757962	2147483647	1420467	19870	0	1	0	0	0	0	0	0	1	1	1	1	1	1	0	0	117	2270	63965	0	9509	9573	0	0	17319	63	408	426	NORM	CH_E	2	0
20131205-060140	27065	990244	181084	1757962	2147483647	1420467	19870	0	1	0	0	0	0	0	0	1	1	1	1	1	1	0	0	117	2270	63965	0	9509	9509	0	0	17316	58	373	382	NORM	CH_E	2	0
20131205-060142	27065	990244	181084	1757962	2147483647	1420467	19870	0	1	0	0	0	0	0	0	1	1	1	1	1	1	0	0	117	2270	63965	0	9509	9509	0	0	17319	57	364	391	NORM	FIM_M	2	0
20131205-060144	15504	990244	181084	1757962	2147483647	1420467	19870	0	1	0	0	0	0	0	0	1	1	1	1	1	1	0	0	117	2270	63965	0	9509	9509	0	0	17305	53	346	355	NORM	ACT	2	0
20131205-060148	15504	990244	181084	1757962	2147483647	1420467	19870	0	1	0	0	0	0	0	0	1	1	1	1	1	1	0	0	117	2270	63975	0	9444	9444	0	0	17314	51	328	346	NORM	ACT	1	0
20131205-060150	15504	990244	181084	1757962	2147483647	1420467	19870	0	1	0	0	0	0	0	0	1	1	1	1	1	1	0	0	117	2270	63965	0	9509	9573	0	0	17307	51	328	346	NORM	ACT	1	0
20131205-060152	15504	990244	181084	1757962	2147483647	1420467	19870	0	1	0	0	0	0	0	0	1	1	1	1	1	1	0	0	117	2270	63965	0	9509	9509	0	0	17323	51	328	337	NORM	ACT	1	0
20131205-060156	15504	990244	181084	1757962	2147483647	1420467	19870	0	1	0	0	0	0	0	0	1	1	1	1	1	1	0	0	117	2270	63986	0	9380	9380	0	0	17319	45	293	311	NORM	ACT	1	0
20131205-060158	15504	990244	181084	1757962	2147483647	1420467	19870	0	1	0	0	0	0	0	0	1	1	1	1	1	1	0	0	117	2270	63975	0	9380	9380	0	0	17323	45	293	311	NORM	ACT	1	0
20131205-060200	15504	990244	181084	1757962	2147483647	1420467	19870	0	1	0	0	0	0	0	0	1	1	1	1	1	1	0	0	117	2270	63975	0	9444	9444	0	0	17308	45	293	302	NORM	ACT	1	0
20131205-060202	15504	990244	181084	1757962	2147483647	1420467	19870	0	1	0	0	0	0	0	0	1	1	1	1	1	1	0	0	117	2270	63986	0	9380	9444	0	0	17311	45	293	311	NORM	ACT	1	0
20131205-060204	15504	990244	181084	1757962	2147483647	1420467	19870	0	1	0	0	0	0	0	0	1	1	1	1	1	1	0	0	117	2270	63975	0	9380	9380	0	0	17319	45	293	302	NORM	ACT	1	0
20131205-060206	15504	990244	181084	1757962	2147483647	1420467	19870	0	1	0	0	0	0	0	0	1	1	1	1	1	1	0	0	117	2270	63965	0	9509	9509	0	0	17323	45	293	284	NORM	ACT	1	0
20131205-060208	15504	990244	181084	1757962	2147483647	1420467	19870	0	1	0	0	0	0	0	0	1	1	1	1	1	1	0	0	117	2270	63965	0	9573	9509	0	0	17329	38	257	275	NORM	ACT	1	0
20131205-060212	15504	990244	181084	1757962	2147483647	1420467	19870	0	1	0	0	0	0	0	0	1	1	1	1	1	1	0	0	117	2270	63954	0	9573	9573	0	0	17329	38	257	266	NORM	ACT	1	0
20131205-060216	15504	990244	181084	1757962	2147483647	1420467	19870	0	1	0	0	0	0	0	0	1	1	1	1	1	1	0	0	117	2270	63954	0	9573	9509	0	0	17316	38	257	266	NORM	ACT	1	0
20131205-060218	15504	990244	181084	1757962	2147483647	1420467	19870	0	1	0	0	0	0	0	0	1	1	1	1	1	1	0	0	117	2270	63965	0	9573	9573	0	0	17311	38	257	266	NORM	ACT	1	0
20131205-060220	15504	990244	181084	1757962	2147483647	1420467	19870	0	1	0	0	0	0	0	0	1	1	1	1	1	1	0	0	117	2270	63954	0	9573	9573	0	0	17314	34	222	231	NORM	ACT	1	0
20131205-060222	15504	990244	181084	1757962	2147483647	1420467	19870	0	1	0	0	0	0	0	0	1	1	1	1	1	1	0	0	117	2270	63954	0	9509	9509	0	0	17308	34	213	231	NORM	ACT	1	0
20131205-060224	15504	990244	181084	1757962	2147483647	1420467	19870	0	1	0	0	0	0	0	0	1	1	1	1	1	1	0	0	117	2270	63954	0	9573	9573	0	0	17325	33	204	231	NORM	ACT	1	0
20131205-060226	15504	990244	181084	1757962	2147483647	1420467	19870	0	1	0	0	0	0	0	0	1	1	1	1	1	1	0	0	117	2270	63954	0	9573	9509	0	0	17301	34	222	231	NORM	ACT	1	0
20131205-060228	15504	990244	181084	1757962	2147483647	1420467	19870	0	1	0	0	0	0	0	0	1	1	1	1	1	1	0	0	117	2270	63965	0	9573	9573	0	0	17299	53	355	373	NORM	ACT	1	0
20131205-060230	15504	990244	181084	1757962	2147483647	1420467	19870	0	1	0	0	0	0	0	0	1	1	1	1	1	1	0	0	117	2270	63954	0	9573	9573	0	0	17293	56	355	373	NORM	ACT	1	0
20131205-060232	15504	990244	181084	1757962	2147483647	1420467	19870	0	1	0	0	0	0	0	0	1	1	1	1	1	1	0	0	117	2270	63954	0	9573	9573	0	0	17323	55	364	373	NORM	ACT	1	0
20131205-060236	15504	990244	181084	1757962	2147483647	1420467	19870	0	1	0	0	0	0	0	0	1	1	1	1	1	1	0	0	117	2270	63965	0	9573	9573	0	0	17326	56	355	373	NORM	ACT	1	0
20131205-060238	15504	990244	181084	1757962	2147483647	1420467	19870	0	1	0	0	0	0	0	0	1	1	1	1	1	1	0	0	117	2270	63954	0	9509	9509	0	0	17323	55	364	373	NORM	ACT	1	0
20131205-060240	15504	990244	181084	1757962	2147483647	1420467	19870	0	1	0	0	0	0	0	0	1	1	1	1	1	1	0	0	117	2270	63965	0	9509	9573	0	0	17317	56	355	373	NORM	ACT	1	0
20131205-060243	15504	990244	181084	1757962	2147483647	1420467	19870	0	1	0	0	0	0	0	0	1	1	1	1	1	1	0	0	117	2270	63965	0	9509	9573	0	0	17313	51	328	346	NORM	ACT	1	0
20131205-060247	15504	990244	181084	1757962	2147483647	1420467	19870	0	1	0	0	0	0	0	0	1	1	1	1	1	1	0	0	117	2270	63965	0	9509	9573	0	0	17331	44	284	293	NORM	ACT	1	0
20131205-060249	15504	990244	181084	1757962	2147483647	1420467	19870	0	1	0	0	0	0	0	0	1	1	1	1	1	1	0	0	117	2270	63954	0	9573	9573	0	0	17329	44	284	293	NORM	ACT	1	0
20131205-060251	15504	990244	181084	1757962	2147483647	1420467	19870	0	1	0	0	0	0	0	0	1	1	1	1	1	1	0	0	117	2270	63954	0	9573	9573	0	0	17320	37	239	257	NORM	ACT	1	0
20131205-060253	15504	990244	181084	1757962	2147483647	1420467	19870	0	1	0	0	0	0	0	0	1	1	1	1	1	1	0	0	117	2270	63965	0	9509	9509	0	0	17320	37	239	257	NORM	ACT	1	0
20131205-060257	15504	990244	181084	1757962	2147483647	1420467	19870	0	1	0	0	0	0	0	0	1	1	1	1	1	1	0	0	117	2270	63965	0	9509	9509	0	0	17289	37	239	257	NORM	ACT	1	0
20131205-060301	15504	990244	181084	1757962	2147483647	1420467	19870	0	1	0	0	0	0	0	0	1	1	1	1	1	1	0	0	117	2270	63965	0	9509	9509	0	0	17296	36	239	257	NORM	ACT	1	0
20131205-060303	15504	990244	181084	1757962	2147483647	1420467	19870	0	1	0	0	0	0	0	0	1	1	1	1	1	1	0	0	117	2270	63965	0	9509	9573	0	0	17317	36	248	257	NORM	ACT	1	0
20131205-060307	15504	990244	181084	1757962	2147483647	1420467	19870	0	1	0	0	0	0	0	0	1	1	1	1	1	1	0	0	117	2270	63965	0	9573	9573	0	0	17317	26	177	195	NORM	ACT	1	0
20131205-060309	15504	990244	181084	1757962	2147483647	1420467	19870	0	1	0	0	0	0	0	0	1	1	1	1	1	1	0	0	117	2270	63965	0	9573	9573	0	0	17316	27	177	186	NORM	ACT	1	0
20131205-060311	15504	990244	181084	1757962	2147483647	1420467	19870	0	1	0	0	0	0	0	0	1	1	1	1	1	1	0	0	117	2270	63965	0	9573	9573	0	0	17310	26	177	195	NORM	ACT	1	0
20131205-060313	15504	990244	181084	1757962	2147483647	1420467	19870	0	1	0	0	0	0	0	0	1	1	1	1	1	1	0	0	117	2270	63954	0	9573	9573	0	0	17305	27	177	195	NORM	ACT	1	0
20131205-060315	15504	990244	181084	1757962	2147483647	1420467	19870	0	1	0	0	0	0	0	0	1	1	1	1	1	1	0	0	117	2270	63954	0	9509	9509	0	0	17310	26	177	195	NORM	ACT	1	0
20131205-060317	15504	990244	181084	1757962	2147483647	1420467	19870	0	1	0	0	0	0	0	0	1	1	1	1	1	1	0	0	117	2270	63954	0	9509	9509	0	0	17302	27	177	195	NORM	ACT	1	0
20131205-060321	15504	990244	181084	1757962	2147483647	1420467	19870	0	1	0	0	0	0	0	0	1	1	1	1	1	1	0	0	117	2270	63954	0	9509	9509	0	0	17307	26	177	195	NORM	ACT	1	0
20131205-060325	15504	990244	181084	1757962	2147483647	1420467	19870	0	1	0	0	0	0	0	0	1	1	1	1	1	1	0	0	117	2270	63965	0	9573	9573	0	0	17322	21	151	159	NORM	ACT	1	0
20131205-060329	15504	990244	181084	1757962	2147483647	1420467	19870	0	1	0	0	0	0	0	0	1	1	1	1	1	1	0	0	117	2270	63965	0	9509	9509	0	0	17302	38	257	266	NORM	ACT	1	0
20131205-060333	15504	990244	181084	1757962	2147483647	1420467	19870	0	1	0	0	0	0	0	0	1	1	1	1	1	1	0	0	117	2270	63954	0	9573	9573	0	0	17304	39	248	266	NORM	ACT	1	0
20131205-060335	15504	990244	181084	1757962	2147483647	1420467	19870	0	1	0	0	0	0	0	0	1	1	1	1	1	1	0	0	117	2270	63965	0	9509	9509	0	0	17319	39	257	266	NORM	ACT	1	0
20131205-060339	15504	990244	181084	1757962	2147483647	1420467	19870	0	1	0	0	0	0	0	0	1	1	1	1	1	1	0	0	117	2270	63965	0	9509	9509	0	0	17296	38	248	266	NORM	ACT	1	0
20131205-060341	15504	990244	181084	1757962	2147483647	1420467	19870	0	1	0	0	0	0	0	0	1	1	1	1	1	1	0	0	117	2270	63965	0	9509	9573	0	0	17298	29	186	204	NORM	ACT	1	0
20131205-060345	15504	990244	181084	1757962	2147483647	1420467	19870	0	1	0	0	0	0	0	0	1	1	1	1	1	1	0	0	117	2270	63965	0	9509	9509	0	0	17301	28	186	204	NORM	ACT	1	0
20131205-060349	15504	990244	181084	1757962	2147483647	1420467	19870	0	1	0	0	0	0	0	0	1	1	1	1	1	1	0	0	117	2270	63954	0	9573	9573	0	0	17304	21	151	151	NORM	ACT	1	0
20131205-060353	15504	990244	181084	1757962	2147483647	1420467	19870	0	1	0	0	0	0	0	0	1	1	1	1	1	1	0	0	117	2270	63965	0	9573	9573	0	0	17329	18	133	142	NORM	ACT	1	0
20131205-060355	15504	990244	181084	1757962	2147483647	1420467	19870	0	1	0	0	0	0	0	0	1	1	1	1	1	1	0	0	117	2270	63954	0	9573	9573	0	0	17296	18	133	142	NORM	ACT	1	0
20131205-060359	15504	990244	181084	1757962	2147483647	1420467	19870	0	1	0	0	0	0	0	0	1	1	1	1	1	1	0	0	117	2270	63954	0	9509	9509	0	0	17310	18	133	142	NORM	ACT	1	0
20131205-060402	15504	990244	181084	1757962	2147483647	1420467	19870	0	1	0	0	0	0	0	0	1	1	1	1	1	1	0	0	117	2270	63954	0	9573	9509	0	0	17305	18	124	142	NORM	ACT	1	0
20131205-060406	15504	990244	181084	1757962	2147483647	1420467	19870	0	1	0	0	0	0	0	0	1	1	1	1	1	1	0	0	117	2270	63965	0	9509	9509	0	0	17319	18	133	142	NORM	ACT	1	0
20131205-060410	15504	990244	181084	1757962	2147483647	1420467	19870	0	1	0	0	0	0	0	0	1	1	1	1	1	1	0	0	117	2270	63965	0	9573	9573	0	0	17317	18	133	133	NORM	ACT	1	0
20131205-060414	15504	990244	181084	1757962	2147483647	1420467	19870	0	1	0	0	0	0	0	0	1	1	1	1	1	1	0	0	117	2270	63954	0	9509	9509	0	0	17331	18	124	142	NORM	ACT	1	0
20131205-060416	15504	990244	181084	1757962	2147483647	1420467	19870	0	1	0	0	0	0	0	0	1	1	1	1	1	1	0	0	117	2270	63954	0	9573	9573	0	0	17323	18	133	142	NORM	ACT	1	0
20131205-060418	15504	990244	181084	1757962	2147483647	1420467	19870	0	1	0	0	0	0	0	0	1	1	1	1	1	1	0	0	117	2270	63954	0	9573	9573	0	0	17320	18	124	142	NORM	ACT	1	0
20131205-060420	15504	990244	181084	1757962	2147483647	1420467	19870	0	1	0	0	0	0	0	0	1	1	1	1	1	1	0	0	117	2270	63965	0	9509	9509	0	0	17319	18	133	133	NORM	ACT	1	0
20131205-060422	15504	990244	181084	1757962	2147483647	1420467	19870	0	1	0	0	0	0	0	0	1	1	1	1	1	1	0	0	117	2270	63954	0	9573	9509	0	0	17328	2	97	106	NORM	ACT	1	0
20131205-060424	15504	990244	181084	1757962	2147483647	1420467	19870	0	1	0	0	0	0	0	0	1	1	1	1	1	1	0	0	117	2270	63965	0	9509	9509	0	0	17311	0	97	106	NORM	ACT	1	0
20131205-060426	15504	990244	181084	1757962	2147483647	1420467	19870	0	1	0	0	0	0	0	0	1	1	1	1	1	1	0	0	117	2270	63965	0	9509	9509	0	0	17322	0	88	106	NORM	ACT	1	0
20131205-060428	15504	990244	181084	1757962	2147483647	1420467	19870	0	1	0	0	0	0	0	0	1	1	1	1	1	1	0	0	117	2270	63965	0	9573	9573	0	0	17323	17	124	177	NORM	ACT	1	0
20131205-060432	15504	990244	181084	1757962	2147483647	1420467	19870	0	1	0	0	0	0	0	0	1	1	1	1	1	1	0	0	117	2270	63965	0	9509	9509	0	0	17313	33	213	231	NORM	ACT	1	0
20131205-060436	15504	990244	181084	1757962	2147483647	1420467	19870	0	1	0	0	0	0	0	0	1	1	1	1	1	1	0	0	117	2270	63954	0	9509	9509	0	0	17322	34	213	231	NORM	ACT	1	0
20131205-060440	15504	990244	181084	1757962	2147483647	1420467	19870	0	1	0	0	0	0	0	0	1	1	1	1	1	1	0	0	117	2270	63954	0	9573	9573	0	0	17332	34	213	222	NORM	ACT	1	0
20131205-060442	15504	990244	181084	1757962	2147483647	1420467	19870	0	1	0	0	0	0	0	0	1	1	1	1	1	1	0	0	117	2270	63965	0	9509	9509	0	0	17325	34	222	231	NORM	ACT	1	0
20131205-060444	15504	990244	181084	1757962	2147483647	1420467	19870	0	1	0	0	0	0	0	0	1	1	1	1	1	1	0	0	117	2270	63965	0	9509	9573	0	0	17325	27	177	195	NORM	ACT	1	0
20131205-060448	15504	990244	181084	1757962	2147483647	1420467	19870	0	1	0	0	0	0	0	0	1	1	1	1	1	1	0	0	117	2270	63954	0	9509	9509	0	0	17323	26	177	195	NORM	ACT	1	0
20131205-060450	15504	990244	181084	1757962	2147483647	1420467	19870	0	1	0	0	0	0	0	0	1	1	1	1	1	1	0	0	117	2270	63965	0	9509	9573	0	0	17316	27	177	195	NORM	ACT	1	0
20131205-060452	15504	990244	181084	1757962	2147483647	1420467	19870	0	1	0	0	0	0	0	0	1	1	1	1	1	1	0	0	117	2270	63965	0	9509	9509	0	0	17304	26	177	186	NORM	ACT	1	0
20131205-060456	15504	990244	181084	1757962	2147483647	1420467	19870	0	1	0	0	0	0	0	0	1	1	1	1	1	1	0	0	117	2270	63965	0	9573	9573	0	0	17328	26	177	186	NORM	ACT	1	0
20131205-060500	15504	990244	181084	1757962	2147483647	1420467	19870	0	1	0	0	0	0	0	0	1	1	1	1	1	1	0	0	117	2270	63965	0	9509	9509	0	0	17316	35	222	239	NORM	ACT	1	0
20131205-060502	15504	990244	181084	1757962	2147483647	1420467	19870	0	1	0	0	0	0	0	0	1	1	1	1	1	1	0	0	117	2270	63954	0	9573	9573	0	0	17310	30	195	204	NORM	ACT	1	0
20131205-060506	15504	990244	181084	1757962	2147483647	1420467	19870	0	1	0	0	0	0	0	0	1	1	1	1	1	1	0	0	117	2270	63965	0	9509	9509	0	0	17320	29	186	213	NORM	ACT	1	0
20131205-060508	15504	990244	181084	1757962	2147483647	1420467	19870	0	1	0	0	0	0	0	0	1	1	1	1	1	1	0	0	117	2270	63954	0	9573	9573	0	0	17313	28	195	204	NORM	ACT	1	0
20131205-060512	15504	990244	181084	1757962	2147483647	1420467	19870	0	1	0	0	0	0	0	0	1	1	1	1	1	1	0	0	117	2270	63965	0	9509	9509	0	0	17317	30	195	204	NORM	ACT	1	0
20131205-060514	15504	990244	181084	1757962	2147483647	1420467	19870	0	1	0	0	0	0	0	0	1	1	1	1	1	1	0	0	117	2270	63954	0	9573	9573	0	0	17305	30	186	204	NORM	ACT	1	0
20131205-060518	15504	990244	181084	1757962	2147483647	1420467	19870	0	1	0	0	0	0	0	0	1	1	1	1	1	1	0	0	117	2270	63954	0	9509	9509	0	0	17311	29	195	204	NORM	ACT	1	0
20131205-060522	15504	990244	181084	1757962	2147483647	1420467	19870	0	1	0	0	0	0	0	0	1	1	1	1	1	1	0	0	117	2270	63944	0	9573	9573	0	0	17317	29	195	204	NORM	ACT	1	0
20131205-060524	15504	990244	181084	1757962	2147483647	1420467	19870	0	1	0	0	0	0	0	0	1	1	1	1	1	1	0	0	117	2270	63954	0	9573	9573	0	0	17320	29	195	204	NORM	ACT	1	0
20131205-060529	15504	990244	181084	1757962	2147483647	1420467	19870	0	1	0	0	0	0	0	0	1	1	1	1	1	1	0	0	117	2270	63944	0	9637	9573	0	0	17313	45	302	319	NORM	ACT	1	0
20131205-060531	15504	990244	181084	1757962	2147483647	1420467	19870	0	1	0	0	0	0	0	0	1	1	1	1	1	1	0	0	117	2270	63944	0	9637	9637	0	0	17313	48	311	328	NORM	ACT	1	0
20131205-060533	15504	990244	181084	1757962	2147483647	1420467	19870	0	1	0	0	0	0	0	0	1	1	1	1	1	1	0	0	117	2270	63944	0	9573	9573	0	0	17323	47	311	328	NORM	ACT	1	0
20131205-060535	15504	990244	181084	1757962	2147483647	1420467	19870	0	1	0	0	0	0	0	0	1	1	1	1	1	1	0	0	117	2270	63944	0	9637	9637	0	0	17317	48	311	328	NORM	ACT	1	0
20131205-060537	15504	990244	181084	1757962	2147483647	1420467	19870	0	1	0	0	0	0	0	0	1	1	1	1	1	1	0	0	117	2270	63944	0	9637	9637	0	0	17308	48	311	328	NORM	ACT	1	0
20131205-060539	15504	990244	181084	1757962	2147483647	1420467	19870	0	1	0	0	0	0	0	0	1	1	1	1	1	1	0	0	117	2270	63944	0	9766	9766	0	0	17313	45	293	302	NORM	ACT	1	0
20131205-060543	15504	990244	181084	1757962	2147483647	1420467	19870	0	1	0	0	0	0	0	0	1	1	1	1	1	1	0	0	117	2270	63944	0	9637	9637	0	0	17313	40	266	275	NORM	ACT	1	0
20131205-060545	15504	990244	181084	1757962	2147483647	1420467	19870	0	1	0	0	0	0	0	0	1	1	1	1	1	1	0	0	117	2270	63933	0	9701	9637	0	0	17314	30	195	204	NORM	ACT	1	0
20131205-060547	15504	990244	181084	1757962	2147483647	1420467	19870	0	1	0	0	0	0	0	0	1	1	1	1	1	1	0	0	117	2270	63944	0	9637	9637	0	0	17314	28	195	195	NORM	ACT	1	0
20131205-060551	15504	990244	181084	1757962	2147483647	1420467	19870	0	1	0	0	0	0	0	0	1	1	1	1	1	1	0	0	117	2270	63944	0	9637	9637	0	0	17322	29	186	204	NORM	ACT	1	0
20131205-060553	15504	990244	181084	1757962	2147483647	1420467	19870	0	1	0	0	0	0	0	0	1	1	1	1	1	1	0	0	117	2270	63944	0	9573	9573	0	0	17313	29	195	204	NORM	ACT	1	0
20131205-060555	15504	990244	181084	1757962	2147483647	1420467	19870	0	1	0	0	0	0	0	0	1	1	1	1	1	1	0	0	117	2270	63954	0	9637	9637	0	0	17310	28	195	204	NORM	ACT	1	0
20131205-060557	15504	990244	181084	1757962	2147483647	1420467	19870	0	1	0	0	0	0	0	0	1	1	1	1	1	1	0	0	117	2270	63944	0	9637	9637	0	0	17308	28	186	204	NORM	ACT	1	0
20131205-060559	15504	990244	181084	1757962	2147483647	1420467	19870	0	1	0	0	0	0	0	0	1	1	1	1	1	1	0	0	117	2270	63944	0	9637	9637	0	0	17304	28	195	204	NORM	ACT	1	0
20131205-060603	15504	990244	181084	1757962	2147483647	1420467	19870	0	1	0	0	0	0	0	0	1	1	1	1	1	1	0	0	117	2270	63944	0	9637	9637	0	0	17323	24	151	168	NORM	ACT	1	0
20131205-060607	15504	990244	181084	1757962	2147483647	1420467	19870	0	1	0	0	0	0	0	0	1	1	1	1	1	1	0	0	117	2270	63954	0	9637	9637	0	0	17316	24	159	168	NORM	ACT	1	0
20131205-060611	15504	990244	181084	1757962	2147483647	1420467	19870	0	1	0	0	0	0	0	0	1	1	1	1	1	1	0	0	117	2270	63944	0	9637	9637	0	0	17316	23	151	168	NORM	ACT	1	0
20131205-060615	15504	990244	181084	1757962	2147483647	1420467	19870	0	1	0	0	0	0	0	0	1	1	1	1	1	1	0	0	117	2270	63954	0	9573	9573	0	0	17334	23	159	168	NORM	ACT	1	0
20131205-060617	15504	990244	181084	1757962	2147483647	1420467	19870	0	1	0	0	0	0	0	0	1	1	1	1	1	1	0	0	117	2270	63944	0	9573	9573	0	0	17317	23	151	159	NORM	ACT	1	0
20131205-060619	15504	990244	181084	1757962	2147483647	1420467	19870	0	1	0	0	0	0	0	0	1	1	1	1	1	1	0	0	117	2270	63944	0	9573	9573	0	0	17314	23	159	168	NORM	ACT	1	0
20131205-060621	15504	990244	181084	1757962	2147483647	1420467	19870	0	1	0	0	0	0	0	0	1	1	1	1	1	1	0	0	117	2270	63954	0	9573	9573	0	0	17310	18	133	142	NORM	ACT	1	0
20131205-060625	15504	990244	181084	1757962	2147483647	1420467	19870	0	1	0	0	0	0	0	0	1	1	1	1	1	1	0	0	117	2270	63954	0	9573	9573	0	0	17319	18	124	133	NORM	ACT	1	0
20131205-060627	15504	990244	181084	1757962	2147483647	1420467	19870	0	1	0	0	0	0	0	0	1	1	1	1	1	1	0	0	117	2270	63944	0	9637	9637	0	0	17310	21	177	204	NORM	ACT	1	0
20131205-060631	15504	990244	181084	1757962	2147483647	1420467	19870	0	1	0	0	0	0	0	0	1	1	1	1	1	1	0	0	117	2270	63944	0	9573	9573	0	0	17320	48	319	337	NORM	ACT	1	0
20131205-060633	15504	990244	181084	1757962	2147483647	1420467	19870	0	1	0	0	0	0	0	0	1	1	1	1	1	1	0	0	117	2270	63944	0	9637	9573	0	0	17317	48	319	337	NORM	ACT	1	0
20131205-060637	15504	990244	181084	1757962	2147483647	1420467	19870	0	1	0	0	0	0	0	0	1	1	1	1	1	1	0	0	117	2270	63954	0	9573	9637	0	0	17313	49	319	337	NORM	ACT	1	0
20131205-060639	15504	990244	181084	1757962	2147483647	1420467	19870	0	1	0	0	0	0	0	0	1	1	1	1	1	1	0	0	117	2270	63944	0	9637	9637	0	0	17319	49	319	337	NORM	ACT	1	0
20131205-060641	15504	990244	181084	1757962	2147483647	1420467	19870	0	1	0	0	0	0	0	0	1	1	1	1	1	1	0	0	117	2270	63944	0	9573	9573	0	0	17314	49	311	337	NORM	ACT	1	0
20131205-060645	15504	990244	181084	1757962	2147483647	1420467	19870	0	1	0	0	0	0	0	0	1	1	1	1	1	1	0	0	117	2270	63954	0	9637	9637	0	0	17316	45	293	311	NORM	ACT	1	0
20131205-060647	15504	990244	181084	1757962	2147483647	1420467	19870	0	1	0	0	0	0	0	0	1	1	1	1	1	1	0	0	117	2270	63954	0	9573	9573	0	0	17313	45	293	311	NORM	ACT	1	0
20131205-060652	15504	990244	181084	1757962	2147483647	1420467	19870	0	1	0	0	0	0	0	0	1	1	1	1	1	1	0	0	117	2270	63954	0	9573	9573	0	0	17311	45	293	311	NORM	ACT	1	0
20131205-060656	15504	990244	181084	1757962	2147483647	1420467	19870	0	1	0	0	0	0	0	0	1	1	1	1	1	1	0	0	117	2270	63954	0	9573	9573	0	0	17311	45	293	311	NORM	ACT	1	0
20131205-060700	15504	990244	181084	1757962	2147483647	1420467	19870	0	1	0	0	0	0	0	0	1	1	1	1	1	1	0	0	117	2270	63944	0	9573	9573	0	0	17308	45	284	311	NORM	ACT	1	0
20131205-060702	15504	990244	181084	1757962	2147483647	1420467	19870	0	1	0	0	0	0	0	0	1	1	1	1	1	1	0	0	117	2270	63954	0	9573	9573	0	0	17319	45	293	311	NORM	ACT	1	0
20131205-060704	15504	990244	181084	1757962	2147483647	1420467	19870	0	1	0	0	0	0	0	0	1	1	1	1	1	1	0	0	117	2270	63944	0	9637	9637	0	0	17317	45	284	311	NORM	ACT	1	0
20131205-060706	15504	990244	181084	1757962	2147483647	1420467	19870	0	1	0	0	0	0	0	0	1	1	1	1	1	1	0	0	117	2270	63954	0	9573	9573	0	0	17307	45	293	311	NORM	ACT	1	0
20131205-060708	15504	990244	181084	1757962	2147483647	1420467	19870	0	1	0	0	0	0	0	0	1	1	1	1	1	1	0	0	117	2270	63954	0	9637	9637	0	0	17317	45	293	302	NORM	ACT	1	0
20131205-060710	15504	990244	181084	1757962	2147483647	1420467	19870	0	1	0	0	0	0	0	0	1	1	1	1	1	1	0	0	117	2270	63944	0	9573	9573	0	0	17302	45	293	302	NORM	ACT	1	0
20131205-060712	15504	990244	181084	1757962	2147483647	1420467	19870	0	1	0	0	0	0	0	0	1	1	1	1	1	1	0	0	117	2270	63954	0	9573	9573	0	0	17317	45	293	311	NORM	ACT	1	0
20131205-060716	15504	990244	181084	1757962	2147483647	1420467	19870	0	1	0	0	0	0	0	0	1	1	1	1	1	1	0	0	117	2270	63954	0	9573	9573	0	0	17308	38	257	266	NORM	ACT	1	0
20131205-060718	15504	990244	181084	1757962	2147483647	1420467	19870	0	1	0	0	0	0	0	0	1	1	1	1	1	1	0	0	117	2270	63954	0	9573	9573	0	0	17325	39	248	266	NORM	ACT	1	0
20131205-060722	15504	990244	181084	1757962	2147483647	1420467	19870	0	1	0	0	0	0	0	0	1	1	1	1	1	1	0	0	117	2270	63954	0	9573	9637	0	0	17308	38	257	266	NORM	ACT	1	0
20131205-060724	15504	990244	181084	1757962	2147483647	1420467	19870	0	1	0	0	0	0	0	0	1	1	1	1	1	1	0	0	117	2270	63954	0	9573	9573	0	0	17308	36	239	231	NORM	ACT	1	0
20131205-060726	15504	990244	181084	1757962	2147483647	1420467	19870	0	1	0	0	0	0	0	0	1	1	1	1	1	1	0	0	117	2270	63954	0	9573	9573	0	0	17314	33	222	231	NORM	ACT	1	0
20131205-060728	15504	990244	181084	1757962	2147483647	1420467	19870	0	1	0	0	0	0	0	0	1	1	1	1	1	1	0	0	117	2270	63954	0	9573	9573	0	0	17316	51	346	373	NORM	ACT	1	0
20131205-060730	15504	990244	181084	1757962	2147483647	1420467	19870	0	1	0	0	0	0	0	0	1	1	1	1	1	1	0	0	117	2270	63944	0	9573	9573	0	0	17323	57	373	391	NORM	ACT	1	0
20131205-060732	15504	990244	181084	1757962	2147483647	1420467	19870	0	1	0	0	0	0	0	0	1	1	1	1	1	1	0	0	117	2270	63954	0	9637	9637	0	0	17325	57	373	391	NORM	ACT	1	0
20131205-060736	15504	990244	181084	1757962	2147483647	1420467	19870	0	1	0	0	0	0	0	0	1	1	1	1	1	1	0	0	117	2270	63954	0	9573	9573	0	0	17335	45	293	311	NORM	ACT	1	0
20131205-060738	15504	990244	181084	1757962	2147483647	1420467	19870	0	1	0	0	0	0	0	0	1	1	1	1	1	1	0	0	117	2270	63954	0	9573	9573	0	0	17268	45	293	311	NORM	ACT	1	0
20131205-060740	15504	990244	181084	1757962	2147483647	1420467	19870	0	1	0	0	0	0	0	0	1	1	1	1	1	1	0	0	117	2270	63944	0	9573	9573	0	0	17331	45	293	302	NORM	ACT	1	0
20131205-060744	15504	990244	181084	1757962	2147483647	1420467	19870	0	1	0	0	0	0	0	0	1	1	1	1	1	1	0	0	117	2270	63954	0	9573	9573	0	0	17328	45	293	311	NORM	ACT	1	0
20131205-060748	15504	990244	181084	1757962	2147483647	1420467	19870	0	1	0	0	0	0	0	0	1	1	1	1	1	1	0	0	117	2270	63954	0	9573	9573	0	0	17332	45	284	311	NORM	ACT	1	0
20131205-060750	15504	990244	181084	1757962	2147483647	1420467	19870	0	1	0	0	0	0	0	0	1	1	1	1	1	1	0	0	117	2270	63954	0	9573	9637	0	0	17331	41	266	275	NORM	ACT	1	0
20131205-060752	15504	990244	181084	1757962	2147483647	1420467	19870	0	1	0	0	0	0	0	0	1	1	1	1	1	1	0	0	117	2270	63944	0	9637	9637	0	0	17328	42	266	284	NORM	ACT	1	0
20131205-060754	15504	990244	181084	1757962	2147483647	1420467	19870	0	1	0	0	0	0	0	0	1	1	1	1	1	1	0	0	117	2270	63954	0	9573	9573	0	0	17320	41	266	284	NORM	ACT	1	0
20131205-060756	15504	990244	181084	1757962	2147483647	1420467	19870	0	1	0	0	0	0	0	0	1	1	1	1	1	1	0	0	117	2270	63954	0	9637	9637	0	0	17328	41	266	284	NORM	ACT	1	0
20131205-060758	15504	990244	181084	1757962	2147483647	1420467	19870	0	1	0	0	0	0	0	0	1	1	1	1	1	1	0	0	117	2270	63944	0	9701	9701	0	0	17328	41	266	284	NORM	ACT	1	0
20131205-060800	15504	990244	181084	1757962	2147483647	1420467	19870	0	1	0	0	0	0	0	0	1	1	1	1	1	1	0	0	117	2270	63954	0	9573	9573	0	0	17334	41	266	284	NORM	ACT	1	0
20131205-060802	15504	990244	181084	1757962	2147483647	1420467	19870	0	1	0	0	0	0	0	0	1	1	1	1	1	1	0	0	117	2270	63954	0	9573	9573	0	0	17328	41	266	284	NORM	ACT	1	0
20131205-060805	15504	990244	181084	1757962	2147483647	1420467	19870	0	1	0	0	0	0	0	0	1	1	1	1	1	1	0	0	117	2270	63944	0	9637	9573	0	0	17322	36	231	239	NORM	ACT	1	0
20131205-060809	15504	990244	181084	1757962	2147483647	1420467	19870	0	1	0	0	0	0	0	0	1	1	1	1	1	1	0	0	117	2270	63954	0	9573	9637	0	0	17331	36	231	239	NORM	ACT	1	0
20131205-060813	15504	990244	181084	1757962	2147483647	1420467	19870	0	1	0	0	0	0	0	0	1	1	1	1	1	1	0	0	117	2270	63954	0	9573	9573	0	0	17323	32	204	222	NORM	ACT	1	0
20131205-060815	15504	990244	181084	1757962	2147483647	1420467	19870	0	1	0	0	0	0	0	0	1	1	1	1	1	1	0	0	117	2270	63954	0	9573	9573	0	0	17331	25	168	186	NORM	ACT	1	0
20131205-060819	15504	990244	181084	1757962	2147483647	1420467	19870	0	1	0	0	0	0	0	0	1	1	1	1	1	1	0	0	117	2270	63954	0	9573	9573	0	0	17332	24	168	186	NORM	ACT	1	0
20131205-060821	15504	990244	181084	1757962	2147483647	1420467	19870	0	1	0	0	0	0	0	0	1	1	1	1	1	1	0	0	117	2270	63954	0	9573	9573	0	0	17326	25	168	177	NORM	ACT	1	0
20131205-060823	15504	990244	181084	1757962	2147483647	1420467	19870	0	1	0	0	0	0	0	0	1	1	1	1	1	1	0	0	117	2270	63944	0	9637	9573	0	0	17329	25	168	177	NORM	ACT	1	0
20131205-060825	15504	990244	181084	1757962	2147483647	1420467	19870	0	1	0	0	0	0	0	0	1	1	1	1	1	1	0	0	117	2270	63954	0	9573	9573	0	0	17329	25	168	186	NORM	ACT	1	0
20131205-060827	15504	990244	181084	1757962	2147483647	1420467	19870	0	1	0	0	0	0	0	0	1	1	1	1	1	1	0	0	117	2270	63954	0	9573	9573	0	0	17338	24	168	159	NORM	ACT	1	0
20131205-060831	15504	990244	181084	1757962	2147483647	1420467	19870	0	1	0	0	0	0	0	0	1	1	1	1	1	1	0	0	117	2270	63954	0	9573	9573	0	0	17332	26	177	195	NORM	ACT	1	0
20131205-060835	15504	990244	181084	1757962	2147483647	1420467	19870	0	1	0	0	0	0	0	0	1	1	1	1	1	1	0	0	117	2270	63944	0	9573	9573	0	0	17334	26	177	195	NORM	ACT	1	0
20131205-060837	15504	990244	181084	1757962	2147483647	1420467	19870	0	1	0	0	0	0	0	0	1	1	1	1	1	1	0	0	117	2270	63954	0	9637	9637	0	0	17323	26	177	195	NORM	ACT	1	0
20131205-060841	15504	990244	181084	1757962	2147483647	1420467	19870	0	1	0	0	0	0	0	0	1	1	1	1	1	1	0	0	117	2270	63944	0	9573	9573	0	0	17323	26	177	195	NORM	ACT	1	0
20131205-060843	15504	990244	181084	1757962	2147483647	1420467	19870	0	1	0	0	0	0	0	0	1	1	1	1	1	1	0	0	117	2270	63954	0	9573	9573	0	0	17319	26	177	195	NORM	ACT	1	0
20131205-060845	15504	990244	181084	1757962	2147483647	1420467	19870	0	1	0	0	0	0	0	0	1	1	1	1	1	1	0	0	117	2270	63954	0	9573	9573	0	0	17316	27	177	195	NORM	ACT	1	0
20131205-060847	15504	990244	181084	1757962	2147483647	1420467	19870	0	1	0	0	0	0	0	0	1	1	1	1	1	1	0	0	117	2270	63954	0	9573	9573	0	0	17319	26	177	195	NORM	ACT	1	0
20131205-060851	15504	990244	181084	1757962	2147483647	1420467	19870	0	1	0	0	0	0	0	0	1	1	1	1	1	1	0	0	117	2270	63954	0	9573	9573	0	0	17329	26	177	186	NORM	ACT	1	0
20131205-060855	15504	990244	181084	1757962	2147483647	1420467	19870	0	1	0	0	0	0	0	0	1	1	1	1	1	1	0	0	117	2270	63954	0	9637	9573	0	0	17310	26	177	186	NORM	ACT	1	0
20131205-060859	15504	990244	181084	1757962	2147483647	1420467	19870	0	1	0	0	0	0	0	0	1	1	1	1	1	1	0	0	117	2270	63954	0	9573	9573	0	0	17308	26	177	186	NORM	ACT	1	0
20131205-060901	15504	990244	181084	1757962	2147483647	1420467	19870	0	1	0	0	0	0	0	0	1	1	1	1	1	1	0	0	117	2270	63944	0	9637	9637	0	0	17293	27	177	195	NORM	ACT	1	0
20131205-060903	15504	990244	181084	1757962	2147483647	1420467	19870	0	1	0	0	0	0	0	0	1	1	1	1	1	1	0	0	117	2270	63944	0	9637	9637	0	0	17292	22	151	159	NORM	ACT	1	0
20131205-060905	15504	990244	181084	1757962	2147483647	1420467	19870	0	1	0	0	0	0	0	0	1	1	1	1	1	1	0	0	117	2270	63944	0	9637	9637	0	0	17298	21	142	151	NORM	ACT	1	0
20131205-060907	15504	990244	181084	1757962	2147483647	1420467	19870	0	1	0	0	0	0	0	0	1	1	1	1	1	1	0	0	117	2270	63944	0	9637	9573	0	0	17287	21	151	159	NORM	ACT	1	0
20131205-060909	15504	990244	181084	1757962	2147483647	1420467	19870	0	1	0	0	0	0	0	0	1	1	1	1	1	1	0	0	117	2270	63954	0	9573	9573	0	0	17292	20	142	159	NORM	ACT	1	0
20131205-060913	15504	990244	181084	1757962	2147483647	1420467	19870	0	1	0	0	0	0	0	0	1	1	1	1	1	1	0	0	117	2270	63944	0	9637	9637	0	0	17289	20	142	159	NORM	ACT	1	0
20131205-060915	15504	990244	181084	1757962	2147483647	1420467	19870	0	1	0	0	0	0	0	0	1	1	1	1	1	1	0	0	117	2270	63954	0	9573	9573	0	0	17282	21	133	159	NORM	ACT	1	0
20131205-060917	15504	990244	181084	1757962	2147483647	1420467	19870	0	1	0	0	0	0	0	0	1	1	1	1	1	1	0	0	117	2270	63954	0	9637	9637	0	0	17287	20	142	151	NORM	ACT	1	0
20131205-060921	15504	990244	181084	1757962	2147483647	1420467	19870	0	1	0	0	0	0	0	0	1	1	1	1	1	1	0	0	117	2270	63944	0	9637	9637	0	0	17275	21	142	151	NORM	ACT	1	0
20131205-060923	15504	990244	181084	1757962	2147483647	1420467	19870	0	1	0	0	0	0	0	0	1	1	1	1	1	1	0	0	117	2270	63944	0	9573	9573	0	0	17281	20	142	151	NORM	ACT	1	0
20131205-060925	15504	990244	181084	1757962	2147483647	1420467	19870	0	1	0	0	0	0	0	0	1	1	1	1	1	1	0	0	117	2270	63954	0	9573	9573	0	0	17278	20	142	159	NORM	ACT	1	0
20131205-060928	15504	990244	181084	1757962	2147483647	1420467	19870	0	1	0	0	0	0	0	0	1	1	1	1	1	1	0	0	117	2270	63954	0	9573	9637	0	0	17278	21	142	151	NORM	ACT	1	0
20131205-060930	15504	990244	181084	1757962	2147483647	1420467	19870	0	1	0	0	0	0	0	0	1	1	1	1	1	1	0	0	117	2270	63954	0	9573	9573	0	0	17280	26	177	186	NORM	ACT	1	0
20131205-060932	15504	990244	181084	1757962	2147483647	1420467	19870	0	1	0	0	0	0	0	0	1	1	1	1	1	1	0	0	117	2270	63954	0	9573	9573	0	0	17271	26	177	195	NORM	ACT	1	0
20131205-060934	15504	990244	181084	1757962	2147483647	1420467	19870	0	1	0	0	0	0	0	0	1	1	1	1	1	1	0	0	117	2270	63965	0	9573	9573	0	0	17274	26	177	195	NORM	ACT	1	0
20131205-060938	15504	990244	181084	1757962	2147483647	1420467	19870	0	1	0	0	0	0	0	0	1	1	1	1	1	1	0	0	117	2270	63965	0	9637	9637	0	0	17298	21	142	151	NORM	ACT	1	0
20131205-060942	15504	990244	181084	1757962	2147483647	1420467	19870	0	1	0	0	0	0	0	0	1	1	1	1	1	1	0	0	117	2270	63954	0	9573	9573	0	0	17296	21	142	159	NORM	ACT	1	0
20131205-060946	15504	990244	181084	1757962	2147483647	1420467	19870	0	1	0	0	0	0	0	0	1	1	1	1	1	1	0	0	117	2270	63954	0	9573	9573	0	0	17289	20	142	159	NORM	ACT	1	0
20131205-060948	15504	990244	181084	1757962	2147483647	1420467	19870	0	1	0	0	0	0	0	0	1	1	1	1	1	1	0	0	117	2270	63954	0	9573	9573	0	0	17311	21	142	159	NORM	ACT	1	0
20131205-060950	15504	990244	181084	1757962	2147483647	1420467	19870	0	1	0	0	0	0	0	0	1	1	1	1	1	1	0	0	117	2270	63954	0	9573	9573	0	0	17304	20	142	159	NORM	ACT	1	0
20131205-060952	15504	990244	181084	1757962	2147483647	1420467	19870	0	1	0	0	0	0	0	0	1	1	1	1	1	1	0	0	117	2270	63954	0	9509	9509	0	0	17304	20	142	159	NORM	ACT	1	0
20131205-060956	15504	990244	181084	1757962	2147483647	1420467	19870	0	1	0	0	0	0	0	0	1	1	1	1	1	1	0	0	117	2270	63954	0	9573	9573	0	0	17316	21	142	151	NORM	ACT	1	0
20131205-060958	15504	990244	181084	1757962	2147483647	1420467	19870	0	1	0	0	0	0	0	0	1	1	1	1	1	1	0	0	117	2270	63954	0	9637	9637	0	0	17316	20	142	151	NORM	ACT	1	0
20131205-061002	15504	990244	181084	1757962	2147483647	1420467	19870	0	1	0	0	0	0	0	0	1	1	1	1	1	1	0	0	117	2270	63965	0	9573	9573	0	0	17307	20	142	159	NORM	ACT	1	0
20131205-061006	15504	990244	181084	1757962	2147483647	1420467	19870	0	1	0	0	0	0	0	0	1	1	1	1	1	1	0	0	117	2270	63954	0	9573	9509	0	0	17319	13	115	133	NORM	ACT	1	0
20131205-061008	15504	990244	181084	1757962	2147483647	1420467	19870	0	1	0	0	0	0	0	0	1	1	1	1	1	1	0	0	117	2270	63965	0	9509	9573	0	0	17313	12	115	124	NORM	ACT	1	0
20131205-061010	15504	990244	181084	1757962	2147483647	1420467	19870	0	1	0	0	0	0	0	0	1	1	1	1	1	1	0	0	117	2270	63954	0	9573	9573	0	0	17314	12	115	133	NORM	ACT	1	0
20131205-061012	15504	990244	181084	1757962	2147483647	1420467	19870	0	1	0	0	0	0	0	0	1	1	1	1	1	1	0	0	117	2270	63954	0	9509	9509	0	0	17316	12	115	133	NORM	ACT	1	0
20131205-061016	15504	990244	181084	1757962	2147483647	1420467	19870	0	1	0	0	0	0	0	0	1	1	1	1	1	1	0	0	117	2270	63954	0	9573	9573	0	0	17316	3	97	106	NORM	ACT	1	0
20131205-061018	15504	990244	181084	1757962	2147483647	1420467	19870	0	1	0	0	0	0	0	0	1	1	1	1	1	1	0	0	117	2270	63954	0	9573	9509	0	0	17316	1	97	106	NORM	ACT	1	0
20131205-061022	15504	990244	181084	1757962	2147483647	1420467	19870	0	1	0	0	0	0	0	0	1	1	1	1	1	1	0	0	117	2270	63954	0	9573	9573	0	0	17317	0	88	97	NORM	ACT	1	0
20131205-061024	15504	990244	181084	1757962	2147483647	1420467	19870	0	1	0	0	0	0	0	0	1	1	1	1	1	1	0	0	117	2270	63954	0	9509	9509	0	0	17319	0	97	106	NORM	ACT	1	0
20131205-061026	15504	990244	181084	1757962	2147483647	1420467	19870	0	1	0	0	0	0	0	0	1	1	1	1	1	1	0	0	117	2270	63965	0	9573	9573	0	0	17310	0	97	106	NORM	ACT	1	0
20131205-061030	15504	990244	181084	1757962	2147483647	1420467	19870	0	1	0	0	0	0	0	0	1	1	1	1	1	1	0	0	117	2270	63954	0	9509	9509	0	0	17317	43	284	302	NORM	ACT	1	0
20131205-061032	15504	990244	181084	1757962	2147483647	1420467	19870	0	1	0	0	0	0	0	0	1	1	1	1	1	1	0	0	117	2270	63965	0	9509	9509	0	0	17320	44	284	293	NORM	ACT	1	0
20131205-061034	15504	990244	181084	1757962	2147483647	1420467	19870	0	1	0	0	0	0	0	0	1	1	1	1	1	1	0	0	117	2270	63954	0	9573	9573	0	0	17319	44	284	293	NORM	ACT	1	0
20131205-061036	15504	990244	181084	1757962	2147483647	1420467	19870	0	1	0	0	0	0	0	0	1	1	1	1	1	1	0	0	117	2270	63965	0	9509	9509	0	0	17320	44	284	293	NORM	ACT	1	0
20131205-061038	15504	990244	181084	1757962	2147483647	1420467	19870	0	1	0	0	0	0	0	0	1	1	1	1	1	1	0	0	117	2270	63965	0	9509	9509	0	0	17323	44	284	293	NORM	ACT	1	0
20131205-061040	15504	990244	181084	1757962	2147483647	1420467	19870	0	1	0	0	0	0	0	0	1	1	1	1	1	1	0	0	117	2270	63954	0	9573	9573	0	0	17320	44	284	293	NORM	ACT	1	0
20131205-061042	15504	990244	181084	1757962	2147483647	1420467	19870	0	1	0	0	0	0	0	0	1	1	1	1	1	1	0	0	117	2270	63954	0	9509	9509	0	0	17308	44	284	293	NORM	ACT	1	0
20131205-061046	15504	990244	181084	1757962	2147483647	1420467	19870	0	1	0	0	0	0	0	0	1	1	1	1	1	1	0	0	117	2270	63954	0	9573	9573	0	0	17314	44	284	293	NORM	ACT	1	0
20131205-061050	15504	990244	181084	1757962	2147483647	1420467	19870	0	1	0	0	0	0	0	0	1	1	1	1	1	1	0	0	117	2270	63954	0	9573	9573	0	0	17311	43	284	293	NORM	ACT	1	0
20131205-061055	15504	990244	181084	1757962	2147483647	1420467	19870	0	1	0	0	0	0	0	0	1	1	1	1	1	1	0	0	117	2270	63954	0	9573	9509	0	0	17329	39	257	275	NORM	ACT	1	0
20131205-061059	15504	990244	181084	1757962	2147483647	1420467	19870	0	1	0	0	0	0	0	0	1	1	1	1	1	1	0	0	117	2270	63954	0	9509	9509	0	0	17317	39	257	275	NORM	ACT	1	0
20131205-061103	15504	990244	181084	1757962	2147483647	1420467	19870	0	1	0	0	0	0	0	0	1	1	1	1	1	1	0	0	117	2270	63965	0	9509	9509	0	0	17322	43	284	293	NORM	ACT	1	0
20131205-061105	15504	990244	181084	1757962	2147483647	1420467	19870	0	1	0	0	0	0	0	0	1	1	1	1	1	1	0	0	117	2270	63954	0	9573	9509	0	0	17311	43	284	284	NORM	ACT	1	0
20131205-061107	15504	990244	181084	1757962	2147483647	1420467	19870	0	1	0	0	0	0	0	0	1	1	1	1	1	1	0	0	117	2270	63965	0	9509	9509	0	0	17313	44	284	293	NORM	ACT	1	0
20131205-061111	15504	990244	181084	1757962	2147483647	1420467	19870	0	1	0	0	0	0	0	0	1	1	1	1	1	1	0	0	117	2270	63954	0	9573	9573	0	0	17317	43	266	293	NORM	ACT	1	0
20131205-061115	15504	990244	181084	1757962	2147483647	1420467	19870	0	1	0	0	0	0	0	0	1	1	1	1	1	1	0	0	117	2270	63965	0	9573	9573	0	0	17298	43	284	302	NORM	ACT	1	0
20131205-061119	15504	990244	181084	1757962	2147483647	1420467	19870	0	1	0	0	0	0	0	0	1	1	1	1	1	1	0	0	117	2270	63954	0	9509	9509	0	0	17313	44	284	284	NORM	ACT	1	0
20131205-061121	15504	990244	181084	1757962	2147483647	1420467	19870	0	1	0	0	0	0	0	0	1	1	1	1	1	1	0	0	117	2270	63965	0	9509	9509	0	0	17311	44	284	293	NORM	ACT	1	0
20131205-061125	15504	990244	181084	1757962	2147483647	1420467	19870	0	1	0	0	0	0	0	0	1	1	1	1	1	1	0	0	117	2270	63954	0	9509	9509	0	0	17308	43	284	293	NORM	ACT	1	0
20131205-061127	15504	990244	181084	1757962	2147483647	1420467	19870	0	1	0	0	0	0	0	0	1	1	1	1	1	1	0	0	117	2270	63965	0	9509	9573	0	0	17305	44	284	319	NORM	ACT	1	0
20131205-061129	15504	990244	181084	1757962	2147483647	1420467	19870	0	1	0	0	0	0	0	0	1	1	1	1	1	1	0	0	117	2270	63954	0	9509	9509	0	0	17301	66	435	453	NORM	ACT	1	0
20131205-061133	15504	990244	181084	1757962	2147483647	1420467	19870	0	1	0	0	0	0	0	0	1	1	1	1	1	1	0	0	117	2270	63965	0	9509	9509	0	0	17293	62	391	391	NORM	ACT	1	0
20131205-061137	15504	990244	181084	1757962	2147483647	1420467	19870	0	1	0	0	0	0	0	0	1	1	1	1	1	1	0	0	118	2270	63942	0	9509	9509	0	0	17293	57	373	391	NORM	ACT	1	0
20131205-061141	15504	990244	181084	1757962	2147483647	1420467	19870	0	1	0	0	0	0	0	0	1	1	1	1	1	1	0	0	118	2270	63952	0	9509	9573	0	0	17289	58	373	382	NORM	ACT	1	0
20131205-061143	15504	990244	181084	1757962	2147483647	1420467	19870	0	1	0	0	0	0	0	0	1	1	1	1	1	1	0	0	118	2270	63952	0	9509	9509	0	0	17286	58	373	391	NORM	ACT	1	0
20131205-061145	15504	990244	181084	1757962	2147483647	1420467	19870	0	1	0	0	0	0	0	0	1	1	1	1	1	1	0	0	118	2270	63952	0	9573	9573	0	0	17280	58	373	391	NORM	ACT	1	0
20131205-061147	15504	990244	181084	1757962	2147483647	1420467	19870	0	1	0	0	0	0	0	0	1	1	1	1	1	1	0	0	118	2270	63952	0	9509	9509	0	0	17283	53	346	337	NORM	ACT	1	0
20131205-061149	15504	990244	181084	1757962	2147483647	1420467	19870	0	1	0	0	0	0	0	0	1	1	1	1	1	1	0	0	118	2270	63942	0	9509	9509	0	0	17287	48	311	328	NORM	ACT	1	0
20131205-061153	15504	990244	181084	1757962	2147483647	1420467	19870	0	1	0	0	0	0	0	0	1	1	1	1	1	1	0	0	118	2270	63952	0	9509	9509	0	0	17278	48	311	328	NORM	ACT	1	0
20131205-061157	15504	990244	181084	1757962	2147483647	1420467	19870	0	1	0	0	0	0	0	0	1	1	1	1	1	1	0	0	118	2270	63952	0	9573	9573	0	0	17282	48	311	328	NORM	ACT	1	0
20131205-061201	15504	990244	181084	1757962	2147483647	1420467	19870	0	1	0	0	0	0	0	0	1	1	1	1	1	1	0	0	118	2270	63952	0	9509	9573	0	0	17287	37	239	248	NORM	ACT	1	0
20131205-061203	15504	990244	181084	1757962	2147483647	1420467	19870	0	1	0	0	0	0	0	0	1	1	1	1	1	1	0	0	118	2270	63942	0	9573	9509	0	0	17280	37	239	257	NORM	ACT	1	0
20131205-061207	15504	990244	181084	1757962	2147483647	1420467	19870	0	1	0	0	0	0	0	0	1	1	1	1	1	1	0	0	118	2270	63952	0	9509	9509	0	0	17286	36	239	257	NORM	ACT	1	0
20131205-061211	15504	990244	181084	1757962	2147483647	1420467	19870	0	1	0	0	0	0	0	0	1	1	1	1	1	1	0	0	118	2270	63952	0	9509	9509	0	0	17296	36	239	257	NORM	ACT	1	0
20131205-061213	15504	990244	181084	1757962	2147483647	1420467	19870	0	1	0	0	0	0	0	0	1	1	1	1	1	1	0	0	118	2270	63952	0	9509	9509	0	0	17305	36	239	257	NORM	ACT	1	0
20131205-061215	15504	990244	181084	1757962	2147483647	1420467	19870	0	1	0	0	0	0	0	0	1	1	1	1	1	1	0	0	118	2270	63952	0	9573	9573	0	0	17290	36	239	257	NORM	ACT	1	0
20131205-061217	15504	990244	181084	1757962	2147483647	1420467	19870	0	1	0	0	0	0	0	0	1	1	1	1	1	1	0	0	118	2270	63952	0	9509	9509	0	0	17287	36	239	257	NORM	ACT	1	0
20131205-061219	15504	990244	181084	1757962	2147483647	1420467	19870	0	1	0	0	0	0	0	0	1	1	1	1	1	1	0	0	118	2270	63952	0	9509	9573	0	0	17299	36	239	257	NORM	ACT	1	0
20131205-061224	15504	990244	181084	1757962	2147483647	1420467	19870	0	1	0	0	0	0	0	0	1	1	1	1	1	1	0	0	118	2270	63952	0	9509	9573	0	0	17298	36	239	257	NORM	ACT	1	0
20131205-061228	15504	990244	181084	1757962	2147483647	1420467	19870	0	1	0	0	0	0	0	0	1	1	1	1	1	1	0	0	118	2270	63942	0	9573	9509	0	0	17301	41	239	319	NORM	ACT	1	0
20131205-061232	15504	990244	181084	1757962	2147483647	1420467	19870	0	1	0	0	0	0	0	0	1	1	1	1	1	1	0	0	118	2270	63952	0	9573	9573	0	0	17307	72	462	479	NORM	ACT	1	0
20131205-061234	15504	990244	181084	1757962	2147483647	1420467	19870	0	1	0	0	0	0	0	0	1	1	1	1	1	1	0	0	118	2270	63952	0	9509	9509	0	0	17304	72	462	479	NORM	ACT	1	0
20131205-061238	15504	990244	181084	1757962	2147483647	1420467	19870	0	1	0	0	0	0	0	0	1	1	1	1	1	1	0	0	118	2270	63952	0	9509	9509	0	0	17296	72	471	479	NORM	ACT	1	0
20131205-061240	15504	990244	181084	1757962	2147483647	1420467	19870	0	1	0	0	0	0	0	0	1	1	1	1	1	1	0	0	118	2270	63952	0	9509	9509	0	0	17298	72	462	479	NORM	ACT	1	0
20131205-061242	15504	990244	181084	1757962	2147483647	1420467	19870	0	1	0	0	0	0	0	0	1	1	1	1	1	1	0	0	118	2270	63942	0	9509	9509	0	0	17296	69	444	462	NORM	ACT	1	0
20131205-061246	15504	990244	181084	1757962	2147483647	1420467	19870	0	1	0	0	0	0	0	0	1	1	1	1	1	1	0	0	118	2270	63952	0	9509	9509	0	0	17299	69	444	462	NORM	ACT	1	0
20131205-061250	15504	990244	181084	1757962	2147483647	1420467	19870	0	1	0	0	0	0	0	0	1	1	1	1	1	1	0	0	118	2270	63942	0	9509	9509	0	0	17305	69	444	462	NORM	ACT	1	0
20131205-061254	15504	990244	181084	1757962	2147483647	1420467	19870	0	1	0	0	0	0	0	0	1	1	1	1	1	1	0	0	118	2270	63952	0	9509	9509	0	0	17316	69	444	462	NORM	ACT	1	0
20131205-061256	15504	990244	181084	1757962	2147483647	1420467	19870	0	1	0	0	0	0	0	0	1	1	1	1	1	1	0	0	118	2270	63942	0	9509	9509	0	0	17314	68	444	462	NORM	ACT	1	0
20131205-061300	15504	990244	181084	1757962	2147483647	1420467	19870	0	1	0	0	0	0	0	0	1	1	1	1	1	1	0	0	118	2270	63952	0	9509	9573	0	0	17310	67	444	435	NORM	ACT	1	0
20131205-061302	15504	990244	181084	1757962	2147483647	1420467	19870	0	1	0	0	0	0	0	0	1	1	1	1	1	1	0	0	118	2270	63952	0	9509	9509	0	0	17311	60	382	399	NORM	ACT	1	0
20131205-061306	15504	990244	181084	1757962	2147483647	1420467	19870	0	1	0	0	0	0	0	0	1	1	1	1	1	1	0	0	118	2270	63952	0	9509	9509	0	0	17310	60	382	391	NORM	ACT	1	0
20131205-061310	15504	990244	181084	1757962	2147483647	1420467	19870	0	1	0	0	0	0	0	0	1	1	1	1	1	1	0	0	118	2270	63942	0	9573	9573	0	0	17311	60	382	399	NORM	ACT	1	0
20131205-061312	15504	990244	181084	1757962	2147483647	1420467	19870	0	1	0	0	0	0	0	0	1	1	1	1	1	1	0	0	118	2270	63952	0	9573	9509	0	0	17314	60	382	399	NORM	ACT	1	0
20131205-061316	15504	990244	181084	1757962	2147483647	1420467	19870	0	1	0	0	0	0	0	0	1	1	1	1	1	1	0	0	118	2270	63952	0	9509	9573	0	0	17301	47	302	319	NORM	ACT	1	0
20131205-061318	15504	990244	181084	1757962	2147483647	1420467	19870	0	1	0	0	0	0	0	0	1	1	1	1	1	1	0	0	118	2270	63942	0	9509	9509	0	0	17304	47	302	319	NORM	ACT	1	0
20131205-061322	15504	990244	181084	1757962	2147483647	1420467	19870	0	1	0	0	0	0	0	0	1	1	1	1	1	1	0	0	118	2270	63952	0	9509	9509	0	0	17301	47	302	319	NORM	ACT	1	0
20131205-061324	15504	990244	181084	1757962	2147483647	1420467	19870	0	1	0	0	0	0	0	0	1	1	1	1	1	1	0	0	118	2270	63952	0	9509	9509	0	0	17308	47	302	319	NORM	ACT	1	0
20131205-061326	15504	990244	181084	1757962	2147483647	1420467	19870	0	1	0	0	0	0	0	0	1	1	1	1	1	1	0	0	118	2270	63952	0	9509	9509	0	0	17310	41	266	284	NORM	ACT	1	0
20131205-061328	15504	990244	181084	1757962	2147483647	1420467	19870	0	1	0	0	0	0	0	0	1	1	1	1	1	1	0	0	118	2270	63952	0	9573	9573	0	0	17308	57	373	399	NORM	ACT	1	0
20131205-061332	15504	990244	181084	1757962	2147483647	1420467	19870	0	1	0	0	0	0	0	0	1	1	1	1	1	1	0	0	118	2270	63952	0	9509	9509	0	0	17307	60	382	399	NORM	ACT	1	0
20131205-061334	15504	990244	181084	1757962	2147483647	1420467	19870	0	1	0	0	0	0	0	0	1	1	1	1	1	1	0	0	118	2270	63952	0	9573	9573	0	0	17308	56	355	373	NORM	ACT	1	0
20131205-061338	15504	990244	181084	1757962	2147483647	1420467	19870	0	1	0	0	0	0	0	0	1	1	1	1	1	1	0	0	118	2270	63952	0	9509	9509	0	0	17302	56	355	373	NORM	ACT	1	0
20131205-061340	15504	990244	181084	1757962	2147483647	1420467	19870	0	1	0	0	0	0	0	0	1	1	1	1	1	1	0	0	118	2270	63952	0	9509	9573	0	0	17302	55	355	364	NORM	ACT	1	0
20131205-061343	15504	990244	181084	1757962	2147483647	1420467	19870	0	1	0	0	0	0	0	0	1	1	1	1	1	1	0	0	118	2270	63952	0	9509	9509	0	0	17304	52	337	355	NORM	ACT	1	0
20131205-061345	15504	990244	181084	1757962	2147483647	1420467	19870	0	1	0	0	0	0	0	0	1	1	1	1	1	1	0	0	118	2270	63952	0	9509	9509	0	0	17317	52	337	346	NORM	ACT	1	0
20131205-061347	15504	990244	181084	1757962	2147483647	1420467	19870	0	1	0	0	0	0	0	0	1	1	1	1	1	1	0	0	118	2270	63952	0	9573	9573	0	0	17274	52	337	346	NORM	ACT	1	0
20131205-061349	15504	990244	181084	1757962	2147483647	1420467	19870	0	1	0	0	0	0	0	0	1	1	1	1	1	1	0	0	118	2270	63942	0	9573	9573	0	0	17283	49	319	328	NORM	ACT	1	0
20131205-061351	15504	990244	181084	1757962	2147483647	1420467	19870	0	1	0	0	0	0	0	0	1	1	1	1	1	1	0	0	118	2270	63952	0	9509	9509	0	0	17269	48	311	328	NORM	ACT	1	0
20131205-061355	15504	990244	181084	1757962	2147483647	1420467	19870	0	1	0	0	0	0	0	0	1	1	1	1	1	1	0	0	118	2270	63952	0	9509	9509	0	0	17293	48	311	328	NORM	ACT	1	0
20131205-061359	15504	990244	181084	1757962	2147483647	1420467	19870	0	1	0	0	0	0	0	0	1	1	1	1	1	1	0	0	118	2270	63952	0	9509	9573	0	0	17260	48	311	328	NORM	ACT	1	0
20131205-061401	15504	990244	181084	1757962	2147483647	1420467	19870	0	1	0	0	0	0	0	0	1	1	1	1	1	1	0	0	118	2270	63952	0	9509	9509	0	0	17265	48	311	337	NORM	ACT	1	0
20131205-061403	15504	990244	181084	1757962	2147483647	1420467	19870	0	1	0	0	0	0	0	0	1	1	1	1	1	1	0	0	118	2270	63952	0	9509	9509	0	0	17295	51	328	346	NORM	ACT	1	0
20131205-061405	15504	990244	181084	1757962	2147483647	1420467	19870	0	1	0	0	0	0	0	0	1	1	1	1	1	1	0	0	118	2270	63952	0	9573	9573	0	0	17320	47	293	311	NORM	ACT	1	0
20131205-061409	15504	990244	181084	1757962	2147483647	1420467	19870	0	1	0	0	0	0	0	0	1	1	1	1	1	1	0	0	118	2270	63952	0	9509	9509	0	0	17301	45	293	311	NORM	ACT	1	0
20131205-061411	15504	990244	181084	1757962	2147483647	1420467	19870	0	1	0	0	0	0	0	0	1	1	1	1	1	1	0	0	118	2270	63952	0	9509	9509	0	0	17280	39	257	266	NORM	ACT	1	0
20131205-061413	15504	990244	181084	1757962	2147483647	1420467	19870	0	1	0	0	0	0	0	0	1	1	1	1	1	1	0	0	118	2270	63942	0	9573	9573	0	0	17283	35	231	213	NORM	ACT	1	0
20131205-061434	15504	990244	181084	1757962	2147483647	1420467	19870	0	1	0	0	0	0	0	0	1	1	1	1	1	1	0	0	118	2270	63942	0	9509	9509	0	0	17293	41	266	284	NORM	PA_E	1	1
20131205-061436	15504	990244	181084	1757962	2147483647	1420467	19870	0	1	0	0	0	0	0	0	1	1	1	1	1	1	0	0	118	2270	63952	0	9509	9509	0	0	17292	41	266	284	NORM	PA_E	1	1
20131205-061438	15504	990244	181084	1757962	2147483647	1420467	19870	0	1	0	0	0	0	0	0	1	1	1	1	1	1	0	0	118	2270	63952	0	9509	9509	0	0	17286	41	266	284	NORM	PA_E	1	1
20131205-061442	15504	990244	181084	1757962	2147483647	1420467	19870	0	1	0	0	0	0	0	0	1	1	1	1	1	1	0	0	118	2270	63952	0	9509	9509	0	0	17292	37	248	257	NORM	PA_E	1	1
20131205-061444	15504	990244	181084	1757962	2147483647	1420467	19870	0	1	0	0	0	0	0	0	1	1	1	1	1	1	0	0	118	2270	63942	0	9573	9573	0	0	17287	37	248	257	NORM	PA_E	1	1
20131205-070147	15504	990244	181084	1757962	2147483647	1420467	19870	0	1	0	0	0	0	0	0	1	1	1	1	1	1	0	0	118	2270	63942	0	9573	9509	0	0	17286	37	248	257	NORM	CH_E	11	0
20131205-070151	15504	990244	4503558	1758081	2745477	1420511	19871	0	1	0	0	0	0	0	1	1	1	1	1	1	0	0	0	134	4464	63933	0	8545	8545	0	0	17779	33	213	222	NORM	CH_E	11	0
20131205-070153	15504	990244	4503558	1758081	2745477	1420511	19871	0	1	0	0	0	0	0	1	1	1	1	1	1	0	0	0	134	4464	63933	0	8545	8545	0	0	17837	33	213	213	NORM	CH_E	11	0
20131205-071025	15504	990244	4503558	1758081	2745477	1420511	19871	0	1	0	0	0	0	0	1	1	1	1	1	1	0	0	0	134	4464	63933	0	8481	8481	0	0	17998	32	213	222	NORM	CH_E	13	0
20131205-071029	15504	990244	4503572	1758092	2745480	1420516	19871	0	1	0	0	0	0	0	0	1	1	1	1	1	1	0	0	122	4717	63957	0	9187	9187	0	0	17197	19	142	159	NORM	CH_E	13	0
20131205-071033	15504	990244	4503572	1758092	2745480	1420516	19871	0	1	0	0	0	0	0	1	0	1	1	1	1	1	0	0	122	4717	63880	0	9509	9509	0	0	17120	21	142	159	NORM	FIM_M	13	0
20131205-071035	15504	990244	4503572	1758092	2745480	1420516	19871	0	1	0	0	0	0	0	1	0	1	1	1	1	1	0	0	122	4717	63925	0	9380	9380	0	0	17118	24	159	195	NORM	N_D	13	0
20131205-071037	15504	990244	4503572	1758092	2745480	1420516	19871	0	1	0	0	0	0	0	1	0	1	1	1	1	1	0	0	122	4717	63935	0	9252	9252	0	0	17117	27	186	204	NORM	N_D	0	0
20131205-071041	15504	990244	4503572	1758092	2745480	1420516	19871	0	1	0	0	0	0	0	1	0	1	1	1	1	1	0	0	121	4717	63970	0	9187	9187	0	0	17195	27	177	186	NORM	N_D	0	0
20131205-071044	15504	990244	4503573	1758092	2745481	1420516	19871	0	1	0	0	0	0	0	1	0	1	1	1	1	1	0	0	121	4717	63970	0	9187	9187	0	0	17168	27	186	195	NORM	N_D	0	0
20131205-071048	15504	990244	4503573	1758092	2745481	1420516	19871	0	1	0	0	0	0	0	1	0	1	1	1	1	1	0	0	121	4717	63980	0	9059	9059	0	0	17186	27	186	195	NORM	N_D	0	0
20131205-071052	15504	990244	4503573	1758092	2745481	1420516	19871	0	1	0	0	0	0	0	1	0	1	1	1	1	1	0	0	121	4717	63970	0	9123	9123	0	0	17210	35	213	231	NORM	N_D	0	0
20131205-071054	15504	990244	4503573	1758092	2745481	1420516	19871	0	1	0	0	0	0	0	1	0	1	1	1	1	1	0	0	121	4717	63991	0	9059	9059	0	0	17219	35	222	231	NORM	N_D	0	0
20131205-071056	15504	990244	4503573	1758092	2745481	1420516	19871	0	1	0	0	0	0	0	1	0	1	1	1	1	1	0	0	121	4717	63991	0	9059	9059	0	0	17158	35	222	231	NORM	N_D	0	0
20131205-071100	15504	990244	4503573	1758092	2745481	1420516	19871	0	1	0	0	0	0	0	1	0	1	1	1	1	1	0	0	121	4717	63991	0	9059	9059	0	0	17143	35	222	231	NORM	N_D	0	0
20131205-071102	15504	990244	4503573	1758092	2745481	1420516	19871	0	1	0	0	0	0	0	1	0	1	1	1	1	1	0	0	121	4717	63991	0	9059	9059	0	0	17134	35	213	239	NORM	N_D	0	0
20131205-071104	15504	990244	4503573	1758092	2745481	1420516	19871	0	1	0	0	0	0	0	1	0	1	1	1	1	1	0	0	120	4717	64004	0	9059	9059	0	0	17204	37	239	257	NORM	N_D	0	0
20131205-071106	15504	990244	4503573	1758092	2745481	1420516	19871	0	1	0	0	0	0	0	1	0	1	1	1	1	1	0	0	120	4717	63992	0	9123	9187	0	0	17209	36	239	257	NORM	N_D	0	0
20131205-071108	15504	990244	4503573	1758092	2745481	1420516	19871	0	1	0	0	0	0	0	1	0	1	1	1	1	1	0	0	120	4717	63971	0	9252	9252	0	0	17182	37	239	257	NORM	N_D	0	0
20131205-071112	15504	990244	4503573	1758092	2745481	1420516	19871	0	1	0	0	0	0	0	1	0	1	1	1	1	1	0	0	120	4717	63971	0	9252	9252	0	0	17152	36	239	257	NORM	N_D	0	0
20131205-071116	15504	990244	4503573	1758092	2745481	1420516	19871	0	1	0	0	0	0	0	1	0	1	1	1	1	1	0	0	120	4717	63971	0	9252	9252	0	0	17299	36	239	257	NORM	N_D	0	0
20131205-071120	15504	990244	4503573	1758092	2745481	1420516	19871	0	1	0	0	0	0	0	1	0	1	1	1	1	1	0	0	120	4717	63971	0	9316	9316	0	0	17402	36	239	248	NORM	N_D	0	0
20131205-071126	15504	990244	4503573	1758092	2745481	1420516	19871	0	1	0	0	0	0	0	1	0	1	1	1	1	1	0	0	120	4717	63959	0	9316	9252	0	0	17436	36	231	248	NORM	N_D	0	0
20131205-071128	15504	990244	4503573	1758092	2745481	1420516	19871	0	1	0	0	0	0	0	1	0	1	1	1	1	1	0	0	120	4717	63971	0	9252	9252	0	0	17501	36	231	248	NORM	N_D	0	0
20131205-071130	15504	990244	4503573	1758092	2745481	1420516	19871	0	1	0	0	0	0	0	1	0	1	1	1	1	1	0	0	120	4717	63959	0	9380	9380	0	0	17508	36	231	248	NORM	N_D	0	0
20131205-071132	15504	990244	4503573	1758092	2745481	1420516	19871	0	1	0	0	0	0	0	1	0	1	1	1	1	1	0	0	120	4717	63949	0	9252	9252	0	0	17490	33	213	222	NORM	N_D	0	0
20131205-071134	15504	990244	4503573	1758092	2745481	1420516	19871	0	1	0	0	0	0	0	1	0	1	1	1	1	1	0	0	120	4717	63959	0	9252	9252	0	0	17523	33	213	222	NORM	N_D	0	0
20131205-071138	15504	990244	4503573	1758092	2745481	1420516	19871	0	1	0	0	0	0	0	1	0	1	1	1	1	1	0	0	120	4717	63949	0	9316	9316	0	0	17508	34	213	231	NORM	N_D	0	0
20131205-071142	15504	990244	4503573	1758092	2745481	1420516	19871	0	1	0	0	0	0	0	1	0	1	1	1	1	1	0	0	120	4717	63959	0	9316	9316	0	0	17457	34	213	231	NORM	N_D	0	0
20131205-071146	15504	990244	4503574	1758092	2745482	1420516	19871	0	1	0	0	0	0	0	1	0	1	1	1	1	1	0	0	119	4717	63962	0	9316	9316	0	0	17447	33	213	231	NORM	N_D	0	0
20131205-071148	15504	990244	4503574	1758092	2745482	1420516	19871	0	1	0	0	0	0	0	1	0	1	1	1	1	1	0	0	119	4717	63972	0	9316	9316	0	0	17378	34	231	257	NORM	N_D	0	0
20131205-071150	15504	990244	4503574	1758092	2745482	1420516	19871	0	1	0	0	0	0	0	1	0	1	1	1	1	1	0	0	119	4717	63972	0	9316	9316	0	0	17381	38	257	266	NORM	N_D	0	0
20131205-071152	15504	990244	4503574	1758092	2745482	1420516	19871	0	1	0	0	0	0	0	1	0	1	1	1	1	1	0	0	119	4717	63972	0	9316	9316	0	0	17353	39	248	266	NORM	N_D	0	0
20131205-071154	15504	990244	4503574	1758092	2745482	1420516	19871	0	1	0	0	0	0	0	1	0	1	1	1	1	1	0	0	119	4717	63972	0	9316	9316	0	0	17359	39	257	266	NORM	N_D	0	0
20131205-071158	15504	990244	4503574	1758092	2745482	1420516	19871	0	1	0	0	0	0	0	1	0	1	1	1	1	1	0	0	119	4717	63972	0	9316	9316	0	0	17469	39	257	275	NORM	N_D	0	0
20131205-071202	15504	990244	4503574	1758092	2745482	1420516	19871	0	1	0	0	0	0	0	1	0	1	1	1	1	1	0	0	119	4717	63972	0	9316	9316	0	0	17478	41	266	284	NORM	N_D	0	0
20131205-071204	15504	990244	4503574	1758092	2745482	1420516	19871	0	1	0	0	0	0	0	1	0	1	1	1	1	1	0	0	119	4717	63972	0	9380	9380	0	0	17480	36	239	248	NORM	N_D	0	0
20131205-071206	15504	990244	4503574	1758092	2745482	1420516	19871	0	1	0	0	0	0	0	1	0	1	1	1	1	1	0	0	119	4717	63962	0	9380	9380	0	0	17430	36	231	248	NORM	N_D	0	0
20131205-071210	15504	990244	4503574	1758092	2745482	1420516	19871	0	1	0	0	0	1	0	1	0	1	1	1	1	1	1	0	119	4717	63972	0	9380	9380	0	0	17471	0	65528	0	OFF	N_D	0	0
#eof
