20131129-163138	0	0	4485630	1751660	2733970	1418246	19786	0	1	0	0	0	0	0	0	0	1	1	1	1	1	0	0	117	0	63954	0	9509	9509	0	0	17168	54	328	328	NORM_I	N_D	0	0
20131129-163140	0	0	4485630	1751660	2733970	1418246	19786	0	1	0	0	0	0	0	0	0	1	1	1	1	1	0	0	117	0	63965	0	9509	9509	0	0	17171	48	311	311	NORM	N_D	0	0
20131129-163142	0	0	4485630	1751660	2733970	1418246	19786	0	1	0	0	0	0	0	0	0	1	1	1	1	1	0	0	117	0	63965	0	9509	9573	0	0	17170	36	231	231	NORM	N_D	0	0
20131129-163146	0	0	4485630	1751660	2733970	1418246	19786	0	1	0	0	0	0	0	0	0	1	1	1	1	1	0	0	117	0	63954	0	9573	9573	0	0	17173	27	186	204	NORM	N_D	0	0
20131129-163148	0	0	4485630	1751660	2733970	1418246	19786	0	1	0	0	0	0	0	0	0	1	1	1	1	1	0	0	117	0	63954	0	9573	9573	0	0	17174	30	204	231	NORM	N_D	0	0
20131129-163152	0	0	4485630	1751660	2733970	1418246	19786	0	1	0	0	0	0	0	0	0	1	1	1	1	1	0	0	117	0	63954	0	9573	9573	0	0	17177	36	231	248	NORM	N_D	0	0
20131129-163155	0	0	4485630	1751660	2733970	1418246	19786	0	1	0	0	0	0	0	0	0	1	1	1	1	1	0	0	117	0	63954	0	9573	9573	0	0	17176	36	231	248	NORM	N_D	0	0
20131129-163159	0	0	4485630	1751660	2733970	1418246	19786	0	1	0	0	0	0	0	0	0	1	1	1	1	1	0	0	117	0	63933	0	9701	9573	0	0	17179	36	231	239	NORM	N_D	0	0
20131129-163203	0	0	4485630	1751660	2733970	1418246	19786	0	1	0	0	0	0	0	0	0	1	1	1	1	1	0	0	117	0	63944	0	9637	9573	0	0	17176	36	231	248	NORM	N_D	0	0
20131129-163205	0	0	4485630	1751660	2733970	1418246	19786	0	1	0	0	0	0	0	0	0	1	1	1	1	1	0	0	117	0	63954	0	9573	9573	0	0	17168	36	231	248	NORM	N_D	0	0
20131129-163209	0	0	4485630	1751660	2733970	1418246	19786	0	1	0	0	0	0	0	0	0	1	1	1	1	1	0	0	117	0	63954	0	9573	9573	0	0	17174	36	231	248	NORM	N_D	0	0
20131129-163213	0	0	4485630	1751660	2733970	1418246	19786	0	1	0	0	0	0	0	0	0	1	1	1	1	1	0	0	117	0	63933	0	9573	9573	0	0	17180	36	231	248	NORM	N_D	0	0
20131129-163217	0	0	4485630	1751660	2733970	1418246	19786	0	1	0	0	0	0	0	0	0	1	1	1	1	1	0	0	117	0	63954	0	9573	9573	0	0	17173	34	222	231	NORM	N_D	0	0
20131129-163221	0	0	4485630	1751660	2733970	1418246	19786	0	1	0	0	0	0	0	0	0	1	1	1	1	1	0	0	117	0	63944	0	9573	9573	0	0	17179	49	328	337	NORM	N_D	0	0
20131129-163225	0	0	4485630	1751660	2733970	1418246	19786	0	1	0	0	0	0	0	0	0	1	1	1	1	1	0	0	117	0	63933	0	9701	9701	0	0	17170	50	328	328	NORM	N_D	0	0
20131129-163227	0	0	4485630	1751660	2733970	1418246	19786	0	1	0	0	0	0	0	0	0	1	1	1	1	1	0	0	117	0	63933	0	9701	9701	0	0	17174	51	337	346	NORM	N_D	0	0
20131129-163229	0	0	4485630	1751660	2733970	1418246	19786	0	1	0	0	0	0	0	0	0	1	1	1	1	1	0	0	117	0	63954	0	9701	9701	0	0	17162	51	337	346	NORM	N_D	0	0
20131129-163233	0	0	4485631	1751660	2733971	1418246	19786	0	1	0	0	0	0	0	0	0	1	1	1	1	1	0	0	117	0	63944	0	9573	9573	0	0	17159	51	319	328	NORM	N_D	0	0
20131129-163235	0	0	4485631	1751660	2733971	1418246	19786	0	1	0	0	0	0	0	0	0	1	1	1	1	1	0	0	117	0	63944	0	9573	9637	0	0	17155	45	293	311	NORM	N_D	0	0
20131129-163239	0	0	4485631	1751660	2733971	1418246	19786	0	1	0	0	0	0	0	0	0	1	1	1	1	1	0	0	117	0	63944	0	9637	9573	0	0	17171	30	186	204	NORM	N_D	0	0
20131129-163243	0	0	4485631	1751660	2733971	1418246	19786	0	1	0	0	0	0	0	0	0	1	1	1	1	1	0	0	117	0	63944	0	9637	9637	0	0	17168	26	177	195	NORM	N_D	0	0
20131129-163245	0	0	4485631	1751660	2733971	1418246	19786	0	1	0	0	0	0	0	0	0	1	1	1	1	1	0	0	117	0	63944	0	9637	9637	0	0	17167	26	177	195	NORM	N_D	0	0
20131129-163247	0	0	4485631	1751660	2733971	1418246	19786	0	1	0	0	0	0	0	0	0	1	1	1	1	1	0	0	117	0	63933	0	9573	9573	0	0	17176	21	142	151	NORM	N_D	0	0
20131129-163249	0	0	4485631	1751660	2733971	1418246	19786	0	1	0	0	0	0	0	0	0	1	1	1	1	1	0	0	117	0	63954	0	9701	9701	0	0	17174	33	213	231	NORM	N_D	0	0
20131129-163251	0	0	4485631	1751660	2733971	1418246	19786	0	1	0	0	0	0	0	0	0	1	1	1	1	1	0	0	117	0	63944	0	9637	9701	0	0	17168	33	213	231	NORM	N_D	0	0
20131129-163255	0	0	4485631	1751660	2733971	1418246	19786	0	1	0	0	0	0	0	0	0	1	1	1	1	1	0	0	117	0	63933	0	9701	9637	0	0	17174	34	213	222	NORM	N_D	0	0
20131129-163259	0	0	4485631	1751660	2733971	1418246	19786	0	1	0	0	0	0	0	0	0	1	1	1	1	1	0	0	117	0	63933	0	9701	9637	0	0	17176	33	213	231	NORM	N_D	0	0
20131129-163303	0	0	4485631	1751660	2733971	1418246	19786	0	1	0	0	0	0	0	0	0	1	1	1	1	1	0	0	117	0	63944	0	9573	9573	0	0	17179	33	213	231	NORM	N_D	0	0
20131129-163305	0	0	4485631	1751660	2733971	1418246	19786	0	1	0	0	0	0	0	0	0	1	1	1	1	1	0	0	117	0	63954	0	9637	9637	0	0	17186	33	213	213	NORM	N_D	0	0
20131129-163307	0	0	4485631	1751660	2733971	1418246	19786	0	1	0	0	0	0	0	0	0	1	1	1	1	1	0	0	117	0	63944	0	9637	9637	0	0	17188	30	195	213	NORM	N_D	0	0
20131129-163309	0	0	4485631	1751660	2733971	1418246	19786	0	1	0	0	0	0	0	0	0	1	1	1	1	1	0	0	117	0	63944	0	9573	9573	0	0	17186	28	195	204	NORM	N_D	0	0
20131129-163311	0	0	4485631	1751660	2733971	1418246	19786	0	1	0	0	0	0	0	0	0	1	1	1	1	1	0	0	117	0	63954	0	9573	9637	0	0	17177	28	186	204	NORM	N_D	0	0
20131129-163313	0	0	4485631	1751660	2733971	1418246	19786	0	1	0	0	0	0	0	0	0	1	1	1	1	1	0	0	117	0	63944	0	9637	9637	0	0	17183	28	195	204	NORM	N_D	0	0
20131129-163315	0	0	4485631	1751660	2733971	1418246	19786	0	1	0	0	0	0	0	0	0	1	1	1	1	1	0	0	117	0	63954	0	9573	9573	0	0	17180	28	195	204	NORM	N_D	0	0
20131129-163317	0	0	4485631	1751660	2733971	1418246	19786	0	1	0	0	0	0	0	0	0	1	1	1	1	1	0	0	117	0	63954	0	9637	9637	0	0	17182	28	186	204	NORM	N_D	0	0
20131129-163321	0	0	4485631	1751660	2733971	1418246	19786	0	1	0	0	0	0	0	0	0	1	1	1	1	1	0	0	117	0	63944	0	9573	9573	0	0	17180	47	302	319	NORM	N_D	0	0
20131129-163325	0	0	4485631	1751660	2733971	1418246	19786	0	1	0	0	0	0	0	0	0	1	1	1	1	1	0	0	117	0	63954	0	9573	9573	0	0	17182	47	302	319	NORM	N_D	0	0
20131129-163330	0	0	4485631	1751660	2733971	1418246	19786	0	1	0	0	0	0	0	0	0	1	1	1	1	1	0	0	117	0	63954	0	9573	9573	0	0	17177	48	311	319	NORM	N_D	0	0
20131129-163332	0	0	4485631	1751660	2733971	1418246	19786	0	1	0	0	0	0	0	0	0	1	1	1	1	1	0	0	117	0	63944	0	9573	9637	0	0	17186	47	293	319	NORM	N_D	0	0
20131129-163336	0	0	4485631	1751660	2733971	1418246	19786	0	1	0	0	0	0	0	0	0	1	1	1	1	1	0	0	117	0	63954	0	9573	9637	0	0	17188	42	266	284	NORM	N_D	0	0
20131129-163338	0	0	4485631	1751660	2733971	1418246	19786	0	1	0	0	0	0	0	0	0	1	1	1	1	1	0	0	117	0	63944	0	9637	9637	0	0	17189	41	266	275	NORM	N_D	0	0
20131129-163340	0	0	4485631	1751660	2733971	1418246	19786	0	1	0	0	0	0	0	0	0	1	1	1	1	1	0	0	117	0	63944	0	9573	9573	0	0	17177	41	257	275	NORM	N_D	0	0
20131129-163342	0	0	4485631	1751660	2733971	1418246	19786	0	1	0	0	0	0	0	0	0	1	1	1	1	1	0	0	117	0	63954	0	9573	9573	0	0	17192	41	266	266	NORM	N_D	0	0
20131129-163346	0	0	4485631	1751660	2733971	1418246	19786	0	1	0	0	0	0	0	0	0	1	1	1	1	1	0	0	117	0	63944	0	9573	9573	0	0	17173	30	195	195	NORM	N_D	0	0
20131129-163350	0	0	4485631	1751660	2733971	1418246	19786	0	1	0	0	0	0	0	0	0	1	1	1	1	1	0	0	117	0	63954	0	9637	9637	0	0	17170	36	239	248	NORM	N_D	0	0
20131129-163352	0	0	4485631	1751660	2733971	1418246	19786	0	1	0	0	0	0	0	0	0	1	1	1	1	1	0	0	117	0	63944	0	9573	9573	0	0	17173	36	239	257	NORM	N_D	0	0
20131129-163354	0	0	4485631	1751660	2733971	1418246	19786	0	1	0	0	0	0	0	0	0	1	1	1	1	1	0	0	117	0	63954	0	9573	9573	0	0	17170	36	239	248	NORM	N_D	0	0
20131129-163356	0	0	4485631	1751660	2733971	1418246	19786	0	1	0	0	0	0	0	0	0	1	1	1	1	1	0	0	117	0	63954	0	9637	9637	0	0	17168	36	239	257	NORM	N_D	0	0
20131129-163400	0	0	4485631	1751660	2733971	1418246	19786	0	1	0	0	0	0	0	0	0	1	1	1	1	1	0	0	117	0	63954	0	9573	9573	0	0	17160	36	239	248	NORM	N_D	0	0
20131129-163402	0	0	4485631	1751660	2733971	1418246	19786	0	1	0	0	0	0	0	0	0	1	1	1	1	1	0	0	117	0	63954	0	9573	9573	0	0	17160	36	239	239	NORM	N_D	0	0
20131129-163404	0	0	4485631	1751660	2733971	1418246	19786	0	1	0	0	0	0	0	0	0	1	1	1	1	1	0	0	117	0	63944	0	9573	9573	0	0	17167	36	239	248	NORM	N_D	0	0
20131129-163408	0	0	4485631	1751660	2733971	1418246	19786	0	1	0	0	0	0	0	0	0	1	1	1	1	1	0	0	117	0	63954	0	9573	9573	0	0	17163	36	239	248	NORM	N_D	0	0
20131129-163410	0	0	4485631	1751660	2733971	1418246	19786	0	1	0	0	0	0	0	0	0	1	1	1	1	1	0	0	117	0	63954	0	9573	9573	0	0	17183	36	231	239	NORM	N_D	0	0
20131129-163414	0	0	4485631	1751660	2733971	1418246	19786	0	1	0	0	0	0	0	0	0	1	1	1	1	1	0	0	117	0	63944	0	9573	9573	0	0	17186	35	222	204	NORM	N_D	0	0
20131129-163416	0	0	4485631	1751660	2733971	1418246	19786	0	1	0	0	0	0	0	0	0	1	1	1	1	1	0	0	117	0	63954	0	9573	9573	0	0	17183	27	186	204	NORM	N_D	0	0
20131129-163418	0	0	4485631	1751660	2733971	1418246	19786	0	1	0	0	0	0	0	0	0	1	1	1	1	1	0	0	117	0	63954	0	9573	9637	0	0	17180	27	186	204	NORM	N_D	0	0
20131129-163420	0	0	4485631	1751660	2733971	1418246	19786	0	1	0	0	0	0	0	0	0	1	1	1	1	1	0	0	117	0	63954	0	9573	9573	0	0	17180	27	186	195	NORM	N_D	0	0
20131129-163422	0	0	4485631	1751660	2733971	1418246	19786	0	1	0	0	0	0	0	0	0	1	1	1	1	1	0	0	117	0	63954	0	9573	9573	0	0	17179	27	186	195	NORM	N_D	0	0
20131129-163426	0	0	4485631	1751660	2733971	1418246	19786	0	1	0	0	0	0	0	0	0	1	1	1	1	1	0	0	117	0	63954	0	9637	9637	0	0	17177	29	195	204	NORM	N_D	0	0
20131129-163430	0	0	4485631	1751660	2733971	1418246	19786	0	1	0	0	0	0	0	0	0	1	1	1	1	1	0	0	117	0	63954	0	9573	9573	0	0	17176	25	168	177	NORM	N_D	0	0
20131129-163434	0	0	4485632	1751660	2733972	1418246	19786	0	1	0	0	0	0	0	0	0	1	1	1	1	1	0	0	117	0	63954	0	9573	9573	0	0	17176	25	168	186	NORM	N_D	0	0
20131129-163438	0	0	4485632	1751660	2733972	1418246	19786	0	1	0	0	0	0	0	0	0	1	1	1	1	1	0	0	117	0	63954	0	9573	9573	0	0	17162	26	168	186	NORM	N_D	0	0
20131129-163440	0	0	4485632	1751660	2733972	1418246	19786	0	1	0	0	0	0	0	0	0	1	1	1	1	1	0	0	117	0	63954	0	9573	9573	0	0	17164	25	168	186	NORM	N_D	0	0
20131129-163442	0	0	4485632	1751660	2733972	1418246	19786	0	1	0	0	0	0	0	0	0	1	1	1	1	1	0	0	117	0	63954	0	9573	9573	0	0	17159	25	168	186	NORM	N_D	0	0
20131129-163446	0	0	4485632	1751660	2733972	1418246	19786	0	1	0	0	0	0	0	0	0	1	1	1	1	1	0	0	117	0	63954	0	9573	9573	0	0	17155	25	168	186	NORM	N_D	0	0
20131129-163449	0	0	4485632	1751660	2733972	1418246	19786	0	1	0	0	0	0	0	0	0	1	1	1	1	1	0	0	117	0	63954	0	9573	9573	0	0	17155	34	239	257	NORM	N_D	0	0
20131129-163453	0	0	4485632	1751660	2733972	1418246	19786	0	1	0	0	0	0	0	0	0	1	1	1	1	1	0	0	117	0	63954	0	9573	9573	0	0	17150	37	248	257	NORM	N_D	0	0
20131129-163457	0	0	4485632	1751660	2733972	1418246	19786	0	1	0	0	0	0	0	0	0	1	1	1	1	1	0	0	117	0	63954	0	9573	9573	0	0	17160	37	248	266	NORM	N_D	0	0
20131129-163501	0	0	4485632	1751660	2733972	1418246	19786	0	1	0	0	0	0	0	0	0	1	1	1	1	1	0	0	117	0	63954	0	9573	9509	0	0	17152	37	248	266	NORM	N_D	0	0
20131129-163503	0	0	4485632	1751660	2733972	1418246	19786	0	1	0	0	0	0	0	0	0	1	1	1	1	1	0	0	117	0	63965	0	9509	9573	0	0	17168	37	248	257	NORM	N_D	0	0
20131129-163505	0	0	4485632	1751660	2733972	1418246	19786	0	1	0	0	0	0	0	0	0	1	1	1	1	1	0	0	117	0	63954	0	9573	9573	0	0	17167	36	239	257	NORM	N_D	0	0
20131129-163507	0	0	4485632	1751660	2733972	1418246	19786	0	1	0	0	0	0	0	0	0	1	1	1	1	1	0	0	117	0	63954	0	9509	9509	0	0	17168	37	248	248	NORM	N_D	0	0
20131129-163509	0	0	4485632	1751660	2733972	1418246	19786	0	1	0	0	0	0	0	0	0	1	1	1	1	1	0	0	117	0	63965	0	9509	9509	0	0	17168	35	231	239	NORM	N_D	0	0
20131129-163511	0	0	4485632	1751660	2733972	1418246	19786	0	1	0	0	0	0	0	0	0	1	1	1	1	1	0	0	117	0	63954	0	9573	9573	0	0	17173	35	222	231	NORM	N_D	0	0
20131129-163513	0	0	4485632	1751660	2733972	1418246	19786	0	1	0	0	0	0	0	0	0	1	1	1	1	1	0	0	117	0	63954	0	9573	9509	0	0	17173	35	213	231	NORM	N_D	0	0
20131129-163515	0	0	4485632	1751660	2733972	1418246	19786	0	1	0	0	0	0	0	0	0	1	1	1	1	1	0	0	117	0	63965	0	9509	9573	0	0	17168	35	222	231	NORM	N_D	0	0
20131129-163519	0	0	4485632	1751660	2733972	1418246	19786	0	1	0	0	0	0	0	0	0	1	1	1	1	1	0	0	117	0	63954	0	9509	9509	0	0	17177	44	284	302	NORM	N_D	0	0
20131129-163523	0	0	4485632	1751660	2733972	1418246	19786	0	1	0	0	0	0	0	0	0	1	1	1	1	1	0	0	117	0	63954	0	9573	9573	0	0	17180	45	284	293	NORM	N_D	0	0
20131129-163525	0	0	4485632	1751660	2733972	1418246	19786	0	1	0	0	0	0	0	0	0	1	1	1	1	1	0	0	117	0	63954	0	9509	9509	0	0	17171	45	284	302	NORM	N_D	0	0
20131129-163527	0	0	4485632	1751660	2733972	1418246	19786	0	1	0	0	0	0	0	0	0	1	1	1	1	1	0	0	117	0	63965	0	9573	9573	0	0	17174	39	257	266	NORM	N_D	0	0
20131129-163531	0	0	4485632	1751660	2733972	1418246	19786	0	1	0	0	0	0	0	0	0	1	1	1	1	1	0	0	117	0	63954	0	9573	9573	0	0	17167	36	248	257	NORM	N_D	0	0
20131129-163535	0	0	4485633	1751660	2733973	1418246	19786	0	1	0	0	0	0	0	0	0	1	1	1	1	1	0	0	117	0	63965	0	9509	9509	0	0	17162	36	239	257	NORM	N_D	0	0
20131129-163539	0	0	4485633	1751660	2733973	1418246	19786	0	1	0	0	0	0	0	0	0	1	1	1	1	1	0	0	117	0	63954	0	9509	9509	0	0	17161	37	239	257	NORM	N_D	0	0
20131129-163543	0	0	4485633	1751660	2733973	1418246	19786	0	1	0	0	0	0	0	0	0	1	1	1	1	1	0	0	117	0	63954	0	9509	9509	0	0	17158	27	168	186	NORM	N_D	0	0
20131129-163547	0	0	4485633	1751660	2733973	1418246	19786	0	1	0	0	0	0	0	0	0	1	1	1	1	1	0	0	117	0	63965	0	9509	9509	0	0	17159	25	168	186	NORM	N_D	0	0
20131129-163551	0	0	4485633	1751660	2733973	1418246	19786	0	1	0	0	0	0	0	0	0	1	1	1	1	1	0	0	117	0	63965	0	9509	9509	0	0	17149	32	204	222	NORM	N_D	0	0
20131129-163553	0	0	4485633	1751660	2733973	1418246	19786	0	1	0	0	0	0	0	0	0	1	1	1	1	1	0	0	117	0	63965	0	9509	9509	0	0	17152	32	204	222	NORM	N_D	0	0
20131129-163555	0	0	4485633	1751660	2733973	1418246	19786	0	1	0	0	0	0	0	0	0	1	1	1	1	1	0	0	117	0	63954	0	9573	9509	0	0	17159	32	195	222	NORM	N_D	0	0
20131129-163559	0	0	4485633	1751660	2733973	1418246	19786	0	1	0	0	0	0	0	0	0	1	1	1	1	1	0	0	117	0	63965	0	9509	9509	0	0	17158	31	204	213	NORM	N_D	0	0
20131129-163603	0	0	4485633	1751660	2733973	1418246	19786	0	1	0	0	0	0	0	0	0	1	1	1	1	1	0	0	117	0	63965	0	9509	9509	0	0	17163	31	204	213	NORM	N_D	0	0
20131129-163607	0	0	4485633	1751660	2733973	1418246	19786	0	1	0	0	0	0	0	0	0	1	1	1	1	1	0	0	117	0	63965	0	9509	9509	0	0	17155	27	177	195	NORM	N_D	0	0
20131129-163611	0	0	4485633	1751660	2733973	1418246	19786	0	1	0	0	0	0	0	0	0	1	1	1	1	1	0	0	117	0	63965	0	9509	9509	0	0	17176	24	159	168	NORM	N_D	0	0
20131129-163613	0	0	4485633	1751660	2733973	1418246	19786	0	1	0	0	0	0	0	0	0	1	1	1	1	1	0	0	117	0	63965	0	9509	9509	0	0	17171	24	159	168	NORM	N_D	0	0
20131129-163615	0	0	4485633	1751660	2733973	1418246	19786	0	1	0	0	0	0	0	0	0	1	1	1	1	1	0	0	117	0	63965	0	9509	9509	0	0	17162	24	159	168	NORM	N_D	0	0
20131129-163617	0	0	4485633	1751660	2733973	1418246	19786	0	1	0	0	0	0	0	0	0	1	1	1	1	1	0	0	117	0	63975	0	9509	9509	0	0	17161	23	151	168	NORM	N_D	0	0
20131129-163619	0	0	4485633	1751660	2733973	1418246	19786	0	1	0	0	0	0	0	0	0	1	1	1	1	1	0	0	117	0	63965	0	9444	9444	0	0	17171	29	195	204	NORM	N_D	0	0
20131129-163621	0	0	4485633	1751660	2733973	1418246	19786	0	1	0	0	0	0	0	0	0	1	1	1	1	1	0	0	117	0	63965	0	9509	9509	0	0	17158	29	195	204	NORM	N_D	0	0
20131129-163626	0	0	4485633	1751660	2733973	1418246	19786	0	1	0	0	0	0	0	0	0	1	1	1	1	1	0	0	117	0	63965	0	9509	9509	0	0	17170	29	195	204	NORM	N_D	0	0
20131129-163630	0	0	4485633	1751660	2733973	1418246	19786	0	1	0	0	0	0	0	0	0	1	1	1	1	1	0	0	117	0	63965	0	9509	9509	0	0	17164	29	186	204	NORM	N_D	0	0
20131129-163632	0	0	4485634	1751660	2733974	1418246	19786	0	1	0	0	0	0	0	0	0	1	1	1	1	1	0	0	117	0	63965	0	9509	9509	0	0	17157	28	186	204	NORM	N_D	0	0
20131129-163636	0	0	4485634	1751660	2733974	1418246	19786	0	1	0	0	0	0	0	0	0	1	1	1	1	1	0	0	117	0	63965	0	9509	9509	0	0	17159	28	195	204	NORM	N_D	0	0
20131129-163638	0	0	4485634	1751660	2733974	1418246	19786	0	1	0	0	0	0	0	0	0	1	1	1	1	0	0	0	117	0	63965	0	9509	9509	0	0	17149	29	195	195	NORM	N_D	0	0
20131129-163640	0	0	4485634	1751660	2733974	1418246	19786	0	1	0	0	0	0	0	0	0	1	1	1	1	0	0	0	117	0	63965	0	9573	9573	0	0	17159	24	159	168	NORM	N_D	0	0
20131129-163644	0	0	4485634	1751660	2733974	1418246	19786	0	1	0	0	0	0	0	0	0	1	1	1	1	0	0	0	117	0	63965	0	9509	9509	0	0	17162	1	88	97	NORM	N_D	0	0
20131129-163646	0	0	4485634	1751660	2733974	1418246	19786	0	1	0	0	0	0	0	0	0	1	1	1	1	0	0	0	117	0	63965	0	9509	9444	0	0	17161	12	115	133	NORM	N_D	0	0
20131129-163648	0	0	4485634	1751660	2733974	1418246	19786	0	1	0	0	0	0	0	0	0	1	1	1	1	0	0	0	117	0	63965	0	9444	9444	0	0	17161	14	115	133	NORM	N_D	0	0
20131129-163652	0	0	4485634	1751660	2733974	1418246	19786	0	1	0	0	0	0	0	0	0	1	1	1	1	0	0	0	117	0	63965	0	9509	9509	0	0	17164	14	115	124	NORM	N_D	0	0
20131129-163656	0	0	4485634	1751660	2733974	1418246	19786	0	1	0	0	0	0	0	0	0	1	1	1	1	0	0	0	117	0	63975	0	9444	9444	0	0	17168	14	115	124	NORM	N_D	0	0
20131129-163700	0	0	4485634	1751660	2733974	1418246	19786	0	1	0	0	0	0	0	0	0	1	1	1	1	0	0	0	117	0	63965	0	9509	9444	0	0	17161	14	115	133	NORM	N_D	0	0
20131129-163702	0	0	4485634	1751660	2733974	1418246	19786	0	1	0	0	0	0	0	0	0	1	1	1	1	0	0	0	117	0	63975	0	9444	9509	0	0	17164	14	106	133	NORM	N_D	0	0
20131129-163704	0	0	4485634	1751660	2733974	1418246	19786	0	1	0	0	0	0	0	0	0	1	1	1	1	0	0	0	117	0	63975	0	9444	9509	0	0	17165	13	124	133	NORM	N_D	0	0
20131129-163706	0	0	4485634	1751660	2733974	1418246	19786	0	1	0	0	0	0	0	0	0	1	1	1	1	0	0	0	117	0	63975	0	9509	9509	0	0	17165	14	115	133	NORM	N_D	0	0
20131129-163708	0	0	4485634	1751660	2733974	1418246	19786	0	1	0	0	0	0	0	0	0	1	1	1	1	0	0	0	117	0	63975	0	9444	9444	0	0	17164	13	115	124	NORM	N_D	0	0
20131129-163710	0	0	4485634	1751660	2733974	1418246	19786	0	1	0	0	0	0	0	0	0	1	1	1	1	0	0	0	117	0	63975	0	9509	9509	0	0	17165	12	115	133	NORM	N_D	0	0
20131129-163712	0	0	4485634	1751660	2733974	1418246	19786	0	1	0	0	0	0	0	0	0	1	1	1	1	0	0	0	117	0	63975	0	9444	9509	0	0	17164	13	115	133	NORM	N_D	0	0
20131129-163716	0	0	4485634	1751660	2733974	1418246	19786	0	1	0	0	0	0	0	0	0	1	1	1	1	0	0	0	117	0	63954	0	9573	9509	0	0	17164	13	115	124	NORM	N_D	0	0
20131129-163720	0	0	4485634	1751660	2733974	1418246	19786	0	1	0	0	0	0	0	0	0	1	1	1	1	0	0	0	117	0	63954	0	9573	9573	0	0	17157	21	142	142	NORM	N_D	0	0
20131129-163722	0	0	4485634	1751660	2733974	1418246	19786	0	1	0	0	0	0	0	0	0	1	1	1	1	0	0	0	117	0	63944	0	9573	9573	0	0	17158	21	142	151	NORM	N_D	0	0
20131129-163726	0	0	4485634	1751660	2733974	1418246	19786	0	1	0	0	0	0	0	0	0	1	1	1	1	0	0	0	117	0	63944	0	9637	9637	0	0	17152	21	142	151	NORM	N_D	0	0
20131129-163728	0	0	4485634	1751660	2733974	1418246	19786	0	1	0	0	0	0	0	0	0	1	1	1	1	0	0	0	117	0	63944	0	9573	9573	0	0	17156	21	133	151	NORM	N_D	0	0
20131129-163730	0	0	4485634	1751660	2733974	1418246	19786	0	1	0	0	0	0	0	0	0	1	1	1	1	0	0	0	117	0	63954	0	9573	9573	0	0	17157	21	142	151	NORM	N_D	0	0
20131129-163732	0	0	4485636	1751660	2733976	1418246	19786	0	1	0	0	0	0	0	0	0	1	1	1	1	0	0	0	117	0	63954	0	9573	9573	0	0	17157	21	142	151	NORM	N_D	0	0
20131129-163734	0	0	4485636	1751660	2733976	1418246	19786	0	1	0	0	0	0	0	0	0	1	1	1	1	0	0	0	117	0	63954	0	9573	9573	0	0	17155	6	106	115	NORM	N_D	0	0
20131129-163738	0	0	4485636	1751660	2733976	1418246	19786	0	1	0	0	0	0	0	0	0	1	1	1	1	0	0	0	117	0	63954	0	9637	9637	0	0	17154	4	106	115	NORM	N_D	0	0
20131129-163742	0	0	4485636	1751660	2733976	1418246	19786	0	1	0	0	0	0	0	0	0	1	1	1	1	0	0	0	117	0	63954	0	9573	9573	0	0	17154	4	106	115	NORM	N_D	0	0
20131129-163744	0	0	4485636	1751660	2733976	1418246	19786	0	1	0	0	0	0	0	0	0	1	1	1	1	0	0	0	117	0	63933	0	9637	9637	0	0	17162	7	106	133	NORM	N_D	0	0
20131129-163746	0	0	4485636	1751660	2733976	1418246	19786	0	1	0	0	0	0	0	0	0	1	1	1	1	0	0	0	117	0	63944	0	9637	9637	0	0	17162	14	115	133	NORM	N_D	0	0
20131129-163751	0	0	4485636	1751660	2733976	1418246	19786	0	1	0	0	0	0	0	0	0	1	1	1	1	0	0	0	117	0	63954	0	9573	9573	0	0	17161	12	106	133	NORM	N_D	0	0
20131129-163753	0	0	4485636	1751660	2733976	1418246	19786	0	1	0	0	0	0	0	0	0	1	1	1	1	0	0	0	117	0	63944	0	9637	9637	0	0	17171	12	115	124	NORM	N_D	0	0
20131129-163755	0	0	4485636	1751660	2733976	1418246	19786	0	1	0	0	0	0	0	0	0	1	1	1	1	0	0	0	117	0	63954	0	9573	9637	0	0	17174	12	115	124	NORM	N_D	0	0
20131129-163757	0	0	4485636	1751660	2733976	1418246	19786	0	1	0	0	0	0	0	0	0	1	1	1	1	0	0	0	117	0	63954	0	9573	9573	0	0	17163	13	115	124	NORM	N_D	0	0
20131129-163801	0	0	4485636	1751660	2733976	1418246	19786	0	1	0	0	0	0	0	0	0	1	1	1	1	0	0	0	117	0	63954	0	9637	9637	0	0	17171	12	115	124	NORM	N_D	0	0
20131129-163805	0	0	4485636	1751660	2733976	1418246	19786	0	1	0	0	0	0	0	0	0	1	1	1	1	0	0	0	117	0	63954	0	9637	9637	0	0	17169	12	115	124	NORM	N_D	0	0
20131129-163809	0	0	4485636	1751660	2733976	1418246	19786	0	1	0	0	0	0	0	0	0	1	1	1	1	0	0	0	117	0	63954	0	9573	9573	0	0	17171	12	115	124	NORM	N_D	0	0
20131129-163813	0	0	4485636	1751660	2733976	1418246	19786	0	1	0	0	0	0	0	0	0	1	1	1	1	0	0	0	117	0	63944	0	9637	9637	0	0	17168	12	115	124	NORM	N_D	0	0
20131129-164503	0	0	4485649	1751672	2733977	1418253	19786	0	1	0	0	0	0	0	1	0	1	1	1	1	1	0	0	118	398	63952	0	9509	9509	0	0	17155	19	133	142	NORM	N_D	0	0
20131129-164507	0	0	4485649	1751672	2733977	1418253	19786	0	1	0	0	0	0	0	1	0	1	1	1	1	1	0	0	118	398	63952	0	9509	9509	0	0	17157	19	133	142	NORM	N_D	0	0
20131129-164509	0	0	4485649	1751672	2733977	1418253	19786	0	1	0	0	0	0	0	1	0	1	1	1	1	1	0	0	118	398	63952	0	9509	9509	0	0	17150	19	133	151	NORM	N_D	0	0
20131129-165635	0	0	4485649	1751672	2733977	1418253	19786	0	1	0	0	0	0	0	1	0	1	1	1	1	1	0	0	118	398	63963	0	9444	9444	0	0	17162	18	133	142	NORM	N_D	0	0
20131129-165637	0	0	4485657	1751675	2733982	1418254	19787	0	1	0	0	0	0	0	0	0	0	2	1	1	1	0	0	118	426	63899	0	9830	9830	0	0	17182	14	124	142	NORM	N_D	0	0
20131129-165640	0	0	4485657	1751675	2733982	1418254	19787	0	1	0	0	0	0	0	0	0	1	2	1	1	1	0	0	118	426	63909	0	9766	9766	0	0	17182	22	151	168	NORM	N_D	0	0
20131129-165656	0	0	4485657	1751675	2733982	1418254	19787	0	1	0	0	0	0	0	0	0	1	2	1	1	1	0	0	118	426	63931	0	9573	9573	0	0	17191	22	151	168	NORM	N_D	0	0
20131129-165659	0	0	4485657	1751675	2733982	1418254	19787	0	1	0	0	0	0	0	0	0	1	2	1	1	1	0	0	117	426	63996	0	9444	9444	0	0	17192	24	159	168	NORM	N_D	0	0
20131129-165701	0	0	4485657	1751675	2733982	1418254	19787	0	1	0	0	0	0	0	0	0	1	2	1	1	1	0	0	117	426	63975	0	9444	9444	0	0	17192	24	159	168	NORM	N_D	0	0
20131129-165703	0	0	4485657	1751675	2733982	1418254	19787	0	1	0	0	0	0	0	0	0	1	2	1	1	1	0	0	117	426	63996	0	9316	9316	0	0	17200	24	159	168	NORM	N_D	0	0
20131129-165705	0	0	4485657	1751675	2733982	1418254	19787	0	1	0	0	0	0	0	0	0	1	2	1	1	1	0	0	117	426	63996	0	9316	9316	0	0	17191	24	159	177	NORM	N_D	0	0
20131129-165707	0	0	4485657	1751675	2733982	1418254	19787	0	1	0	0	0	0	0	0	0	1	2	1	1	1	0	0	117	426	63986	0	9380	9380	0	0	17203	16	124	133	NORM	N_D	0	0
20131129-165709	0	0	4485657	1751675	2733982	1418254	19787	0	1	0	0	0	0	0	0	0	1	2	1	1	1	0	0	117	426	63986	0	9316	9316	0	0	17195	16	124	133	NORM	N_D	0	0
20131129-165711	0	0	4485657	1751675	2733982	1418254	19787	0	1	0	0	0	0	0	0	0	1	2	1	1	1	0	0	117	426	63996	0	9380	9380	0	0	17197	18	124	133	NORM	N_D	0	0
20131129-165713	0	0	4485657	1751675	2733982	1418254	19787	0	1	0	0	0	0	0	0	0	1	2	1	1	1	0	0	117	426	63986	0	9380	9380	0	0	17198	16	115	133	NORM	N_D	0	0
20131129-165715	0	0	4485657	1751675	2733982	1418254	19787	0	1	0	0	0	0	0	0	0	1	2	1	1	1	0	0	117	426	63975	0	9380	9380	0	0	17194	17	124	133	NORM	N_D	0	0
20131129-165717	0	0	4485657	1751675	2733982	1418254	19787	0	1	0	0	0	0	0	0	0	1	2	1	1	1	0	0	117	426	63975	0	9444	9444	0	0	17197	16	124	133	NORM	N_D	0	0
20131129-165720	0	0	4485657	1751675	2733982	1418254	19787	0	1	0	0	0	0	0	0	0	1	2	1	1	1	0	0	117	426	63975	0	9509	9509	0	0	17189	21	142	159	NORM	N_D	0	0
20131129-165859	0	0	4485657	1751675	2733982	1418254	19787	0	1	0	0	0	0	0	0	0	1	2	1	1	1	0	0	117	426	63965	0	9509	9509	0	0	17194	22	142	159	NORM	N_D	1	0
20131129-165901	15424	990240	4485658	1751675	2733983	1418254	19787	0	1	0	0	0	0	0	0	1	0	2	1	1	1	0	0	117	426	63826	0	10215	10215	0	0	17176	14	62	71	NORM	ACT	0	0
20131129-165903	15424	990240	4485658	1751675	2733983	1418254	19787	0	1	0	0	0	0	0	0	1	0	2	1	1	1	0	0	117	426	63911	0	9830	9830	0	0	17146	3	44	53	NORM	ACT	1	0
20131129-165905	15424	990240	4485658	1751675	2733983	1418254	19787	0	1	0	0	0	0	0	0	1	0	2	1	1	1	0	0	117	426	63922	0	9766	9701	0	0	17154	0	26	26	NORM	ACT	1	0
20131129-165907	15424	990240	4485658	1751675	2733983	1418254	19787	0	1	0	0	0	0	0	0	1	0	2	1	1	1	0	0	117	426	62828	0	16384	16384	0	0	17153	0	35	44	NORM	ACT	1	0
20131129-165909	15424	990240	4485658	1751675	2733983	1418254	19787	0	1	0	0	0	0	0	0	1	0	2	1	1	1	0	0	117	426	63901	0	9894	9894	0	0	17143	0	62	79	NORM	ACT	1	0
20131129-165911	15424	990240	4485658	1751675	2733983	1418254	19787	0	1	0	0	0	0	0	0	1	0	2	1	1	1	0	0	117	426	63911	0	9830	9830	0	0	17149	0	71	79	NORM	ACT	1	0
20131129-165936	15424	990240	4485659	1751675	2733984	1418254	19787	0	1	0	0	0	0	0	0	1	0	2	1	1	1	0	0	117	426	63954	0	9509	9509	0	0	17173	30	195	204	NORM	ACT	1	0
20131129-165938	15424	990240	4485659	1751675	2733984	1418254	19787	0	1	0	0	0	0	0	0	1	0	2	1	1	1	0	0	117	426	63954	0	9573	9573	0	0	17177	30	195	204	NORM	ACT	1	0
20131129-165940	15424	990240	4485659	1751675	2733984	1418254	19787	0	1	0	0	0	0	0	0	1	0	2	1	1	1	0	0	117	426	63954	0	9252	9252	0	0	17171	28	186	195	NORM	ACT	1	0
20131129-165953	15424	990240	4485659	1751675	2733984	1418254	19787	0	1	0	0	0	0	0	0	1	0	2	1	1	1	0	0	117	426	63975	0	9444	9509	0	0	17180	27	186	204	NORM	ACT	1	0
20131129-165955	15424	990240	4485659	1751675	2733984	1418254	19787	0	1	0	0	0	0	0	0	1	0	2	1	1	1	0	0	117	426	63944	0	9637	9637	0	0	17182	18	124	142	NORM	ACT	1	0
20131129-165958	15424	990240	4485659	1751675	2733984	1418254	19787	0	1	0	0	0	0	0	0	1	0	2	1	1	1	0	0	117	426	63954	0	9637	9637	0	0	17186	8	97	106	NORM	ACT	1	0
20131129-170002	15424	990240	4485659	1751675	2733984	1418254	19787	0	1	0	0	0	0	0	0	1	0	2	1	1	1	0	0	117	426	63944	0	9637	9637	0	0	17182	0	88	97	NORM	ACT	1	0
20131129-170010	15424	990240	4485659	1751675	2733984	1418254	19787	0	1	0	0	0	0	0	0	1	0	2	1	1	1	0	0	117	426	63944	0	9637	9573	0	0	17180	0	88	106	NORM	ACT	1	0
20131129-170012	15424	990240	4485659	1751675	2733984	1418254	19787	0	1	0	0	0	0	0	0	1	0	2	1	1	1	0	0	117	426	63954	0	9637	9637	0	0	17171	0	88	97	NORM	ACT	1	0
20131129-170014	15424	990240	4485659	1751675	2733984	1418254	19787	0	1	0	0	0	0	0	0	1	0	2	1	1	1	0	0	117	426	63944	0	9637	9637	0	0	17180	12	115	133	NORM	ACT	1	0
20131129-170024	15424	990240	4485659	1751675	2733984	1418254	19787	0	1	0	0	0	0	0	0	1	0	2	1	1	1	0	0	117	426	63954	0	9573	9637	0	0	17170	24	159	168	NORM	ACT	1	0
20131129-170026	15424	990240	4485659	1751675	2733984	1418254	19787	0	1	0	0	0	0	0	0	1	0	2	1	1	1	0	0	117	426	63954	0	9573	1991	0	0	17162	24	159	168	NORM	ACT	1	0
20131129-170028	15424	990240	4485659	1751675	2733984	1418254	19787	0	1	0	0	0	0	0	0	1	0	2	1	1	1	0	0	117	426	0	0	0	0	0	0	17177	24	159	177	NORM	ACT	1	0
20131129-170030	15424	990240	4485659	1751675	2733984	1418254	19787	0	1	0	0	0	0	0	0	1	0	2	1	1	1	0	0	117	426	0	0	0	0	0	0	17165	16	124	133	NORM	ACT	1	0
20131129-170032	15424	990240	4485659	1751675	2733984	1418254	19787	0	1	0	0	0	0	0	0	1	0	2	1	1	1	0	0	117	426	0	0	0	0	0	0	17179	16	124	133	NORM	ACT	1	0
20131129-170034	15424	990240	4485659	1751675	2733984	1418254	19787	0	1	0	0	0	0	0	0	1	0	2	1	1	1	0	0	117	426	0	0	0	0	0	0	17170	16	124	133	NORM	ACT	1	0
20131129-170036	15424	990240	4485659	1751675	2733984	1418254	19787	0	1	0	0	0	0	0	0	1	0	2	1	1	1	0	0	117	426	62828	0	16384	16384	0	0	17173	15	124	133	NORM	ACT	1	0
20131129-170129	15424	990240	4485659	1751675	2733984	1418254	19787	0	1	0	0	0	0	0	0	1	0	2	1	1	1	0	0	117	426	0	0	0	0	0	0	17180	25	159	159	NORM	ACT	1	0
20131129-170131	15424	990240	4485659	1751675	2733984	1418254	19787	0	1	0	0	0	0	0	0	1	0	2	1	1	1	0	0	117	426	0	0	0	0	0	0	17170	24	159	177	NORM	ACT	1	0
20131129-170135	15424	990240	4485660	1751675	2733985	1418254	19787	0	1	0	0	0	0	0	0	1	0	2	1	1	1	0	0	117	426	0	0	0	0	0	0	17173	31	195	204	NORM	ACT	1	0
20131129-170137	15424	990240	4485660	1751675	2733985	1418254	19787	0	1	0	0	0	0	0	0	1	0	2	1	1	1	0	0	117	426	0	0	0	0	0	0	17180	30	195	213	NORM	ACT	1	0
20131129-170147	15424	990240	4485660	1751675	2733985	1418254	19787	0	1	0	0	0	0	0	0	1	0	2	1	1	1	0	0	117	426	0	0	0	0	0	0	17183	34	222	231	NORM	ACT	1	0
20131129-170149	15424	990240	4485660	1751675	2733985	1418254	19787	0	1	0	0	0	0	0	0	1	0	2	1	1	1	0	0	117	426	0	0	0	0	0	0	17203	31	195	213	NORM	ACT	1	0
20131129-170151	15424	990240	4485660	1751675	2733985	1418254	19787	0	1	0	0	0	0	0	0	1	0	2	1	1	1	0	0	117	426	0	0	0	0	0	0	17230	30	195	213	NORM	ACT	1	0
20131129-170153	15424	990240	4485660	1751675	2733985	1418254	19787	0	1	0	0	0	0	0	0	1	0	2	1	1	1	0	0	117	426	0	0	0	0	0	0	17215	28	186	186	NORM	ACT	1	0
20131129-170155	15424	990240	4485660	1751675	2733985	1418254	19787	0	1	0	0	0	0	0	0	1	0	2	1	1	1	0	0	117	426	0	0	0	0	0	0	17207	26	177	186	NORM	ACT	1	0
20131129-170157	15424	990240	4485660	1751675	2733985	1418254	19787	0	1	0	0	0	0	0	0	1	0	2	1	1	1	0	0	117	426	0	0	0	0	0	0	17218	26	168	186	NORM	ACT	1	0
20131129-170159	15424	990240	4485660	1751675	2733985	1418254	19787	0	1	0	0	0	0	0	0	1	0	2	1	1	1	0	0	117	426	0	0	0	0	0	0	17207	26	177	186	NORM	ACT	1	0
20131129-170201	15424	990240	4485660	1751675	2733985	1418254	19787	0	1	0	0	0	0	0	0	1	0	2	1	1	1	0	0	117	426	0	0	0	0	0	0	17213	26	168	177	NORM	ACT	1	0
20131129-170204	15424	990240	4485660	1751675	2733985	1418254	19787	0	1	0	0	0	0	0	0	1	0	2	1	1	1	0	0	117	426	0	0	0	0	0	0	17218	26	168	186	NORM	ACT	1	0
20131129-170206	15424	990240	4485660	1751675	2733985	1418254	19787	0	1	0	0	0	0	0	0	1	0	2	1	1	1	0	0	117	426	0	0	0	0	0	0	17217	26	168	186	NORM	ACT	1	0
20131129-170208	15424	990240	4485660	1751675	2733985	1418254	19787	0	1	0	0	0	0	0	0	1	0	2	1	1	1	0	0	117	426	0	0	0	0	0	0	17210	25	168	186	NORM	ACT	1	0
20131129-170210	15424	990240	4485660	1751675	2733985	1418254	19787	0	1	0	0	0	0	0	0	1	0	2	1	1	1	0	0	117	426	0	0	0	0	0	0	17209	26	168	186	NORM	ACT	1	0
20131129-170212	15424	990240	4485660	1751675	2733985	1418254	19787	0	1	0	0	0	0	0	0	1	0	2	1	1	1	0	0	117	426	0	0	0	0	0	0	17219	26	177	186	NORM	ACT	1	0
20131129-170214	15424	990240	4485660	1751675	2733985	1418254	19787	0	1	0	0	0	0	0	0	1	0	2	1	1	1	0	0	117	426	0	0	0	0	0	0	17219	24	168	186	NORM	ACT	1	0
20131129-170216	15424	990240	4485660	1751675	2733985	1418254	19787	0	1	0	0	0	0	0	0	1	0	2	1	1	1	0	0	117	426	0	0	0	0	0	0	17231	36	239	257	NORM	ACT	1	0
20131129-170218	15424	990240	4485660	1751675	2733985	1418254	19787	0	1	0	0	0	0	0	0	1	0	2	1	1	1	0	0	117	426	0	0	0	0	0	0	17230	37	239	257	NORM	ACT	1	0
20131129-170220	15424	990240	4485660	1751675	2733985	1418254	19787	0	1	0	0	0	0	0	0	1	0	2	1	1	1	0	0	117	426	62828	0	16384	16384	0	0	17226	37	239	257	NORM	ACT	1	0
20131129-170222	15424	990240	4485660	1751675	2733985	1418254	19787	0	1	0	0	0	0	0	0	1	0	2	1	1	1	0	0	117	426	62828	0	16384	16384	0	0	17229	37	239	257	NORM	ACT	1	0
20131129-170224	15424	990240	4485660	1751675	2733985	1418254	19787	0	1	0	0	0	0	0	0	1	0	2	1	1	1	0	0	117	426	63848	0	10215	10215	0	0	17218	37	248	248	NORM	ACT	1	0
20131129-170226	15424	990240	4485660	1751675	2733985	1418254	19787	0	1	0	0	0	0	0	0	1	0	2	1	1	1	0	0	117	426	63859	0	10215	10215	0	0	17209	33	213	213	NORM	ACT	1	0
20131129-170229	15424	990240	4485660	1751675	2733985	1418254	19787	0	1	0	0	0	0	0	0	1	0	2	1	1	1	0	0	117	426	63880	0	10023	10023	0	0	17204	32	204	222	NORM	ACT	1	0
20131129-170231	15424	990240	4485660	1751675	2733985	1418254	19787	0	1	0	0	0	0	0	0	1	0	2	1	1	1	0	0	117	426	63911	0	9830	9830	0	0	17212	25	159	159	NORM	ACT	1	0
20131129-170233	15424	990240	4485660	1751675	2733985	1418254	19787	0	1	0	0	0	0	0	0	1	0	2	1	1	1	0	0	117	426	63922	0	9766	9766	0	0	17200	22	151	168	NORM	ACT	1	0
20131129-170235	15424	990240	4485661	1751675	2733986	1418254	19787	0	1	0	0	0	0	0	0	1	0	2	1	1	1	0	0	117	426	63933	0	9701	9701	0	0	17215	25	168	186	NORM	ACT	1	0
20131129-170237	15424	990240	4485661	1751675	2733986	1418254	19787	0	1	0	0	0	0	0	0	1	0	2	1	1	1	0	0	117	426	63944	0	9637	9573	0	0	17207	25	168	186	NORM	ACT	1	0
20131129-170239	15424	990240	4485661	1751675	2733986	1418254	19787	0	1	0	0	0	0	0	0	1	0	2	1	1	1	0	0	117	426	63954	0	9637	9637	0	0	17198	28	186	204	NORM	ACT	1	0
20131129-170241	15424	990240	4485661	1751675	2733986	1418254	19787	0	1	0	0	0	0	0	0	1	0	2	1	1	1	0	0	117	426	63944	0	9637	9637	0	0	17207	28	186	204	NORM	ACT	1	0
20131129-170243	15424	990240	4485661	1751675	2733986	1418254	19787	0	1	0	0	0	0	0	0	1	0	2	1	1	1	0	0	117	426	63944	0	9573	9573	0	0	17213	29	186	204	NORM	ACT	1	0
20131129-170245	15424	990240	4485661	1751675	2733986	1418254	19787	0	1	0	0	0	0	0	0	1	0	2	1	1	1	0	0	117	426	63944	0	9637	9637	0	0	17207	29	186	204	NORM	ACT	1	0
20131129-170247	15424	990240	4485661	1751675	2733986	1418254	19787	0	1	0	0	0	0	0	0	1	0	2	1	1	1	0	0	117	426	63944	0	9573	9573	0	0	17207	27	177	186	NORM	ACT	1	0
20131129-170249	15424	990240	4485661	1751675	2733986	1418254	19787	0	1	0	0	0	0	0	0	1	0	2	1	1	1	0	0	117	426	63954	0	9573	9573	0	0	17203	25	168	186	NORM	ACT	1	0
20131129-170252	15424	990240	4485661	1751675	2733986	1418254	19787	0	1	0	0	0	0	0	0	1	0	2	1	1	1	0	0	117	426	63954	0	9573	9573	0	0	17209	25	168	186	NORM	ACT	1	0
20131129-170254	15424	990240	4485661	1751675	2733986	1418254	19787	0	1	0	0	0	0	0	0	1	0	2	1	1	1	0	0	117	426	63954	0	9573	9573	0	0	17204	26	168	186	NORM	ACT	1	0
20131129-170256	15424	990240	4485661	1751675	2733986	1418254	19787	0	1	0	0	0	0	0	0	1	0	2	1	1	1	0	0	117	426	63954	0	9573	9573	0	0	17195	25	168	186	NORM	ACT	1	0
20131129-170258	15424	990240	4485661	1751675	2733986	1418254	19787	0	1	0	0	0	0	0	0	1	0	2	1	1	1	0	0	117	426	63965	0	9316	9316	0	0	17198	26	168	177	NORM	ACT	1	0
20131129-170300	15424	990240	4485661	1751675	2733986	1418254	19787	0	1	0	0	0	0	0	0	1	0	2	1	1	1	0	0	117	426	63954	0	9573	9573	0	0	17197	22	151	151	NORM	ACT	1	0
20131129-170302	15424	990240	4485661	1751675	2733986	1418254	19787	0	1	0	0	0	0	0	0	1	0	2	1	1	1	0	0	117	426	63933	0	9701	9701	0	0	17192	21	142	159	NORM	ACT	1	0
20131129-170304	15424	990240	4485661	1751675	2733986	1418254	19787	0	1	0	0	0	0	0	0	1	0	2	1	1	1	0	0	117	426	63922	0	9766	9766	0	0	17185	21	142	159	NORM	ACT	1	0
20131129-170306	15424	990240	4485661	1751675	2733986	1418254	19787	0	1	0	0	0	0	0	0	1	0	2	1	1	1	0	0	117	426	63922	0	9766	9766	0	0	17185	21	142	159	NORM	ACT	1	0
20131129-170308	15424	990240	4485661	1751675	2733986	1418254	19787	0	1	0	0	0	0	0	0	1	0	2	1	1	1	0	0	117	426	63922	0	9766	9766	0	0	17174	21	142	159	NORM	ACT	1	0
20131129-170312	15424	990240	4485661	1751675	2733986	1418254	19787	0	1	0	0	0	0	0	0	1	0	2	1	1	1	0	0	117	426	63922	0	9766	9766	0	0	17154	8	106	115	NORM	ACT	1	0
20131129-170314	15424	990240	4485661	1751675	2733986	1418254	19787	0	1	0	0	0	0	0	0	1	0	2	1	1	1	0	0	117	426	63922	0	9766	9766	0	0	17152	18	142	168	NORM	ACT	1	0
20131129-170317	15424	990240	4485661	1751675	2733986	1418254	19787	0	1	0	0	0	0	0	0	1	0	2	1	1	1	0	0	117	426	63922	0	9766	9766	0	0	17147	35	231	248	NORM	ACT	1	0
20131129-170319	15424	990240	4485661	1751675	2733986	1418254	19787	0	1	0	0	0	0	0	0	1	0	2	1	1	1	0	0	117	426	63922	0	9766	9766	0	0	17149	36	231	248	NORM	ACT	1	0
20131129-170321	15424	990240	4485661	1751675	2733986	1418254	19787	0	1	0	0	0	0	0	0	1	0	2	1	1	1	0	0	117	426	63911	0	9830	9830	0	0	17126	36	231	248	NORM	ACT	1	0
20131129-170323	15424	990240	4485661	1751675	2733986	1418254	19787	0	1	0	0	0	0	0	0	1	0	2	1	1	1	0	0	117	426	63911	0	9830	9830	0	0	17136	36	231	248	NORM	ACT	1	0
20131129-170325	15424	990240	4485661	1751675	2733986	1418254	19787	0	1	0	0	0	0	0	0	1	0	2	1	1	1	0	0	117	426	63922	0	9766	9766	0	0	17129	36	231	248	NORM	ACT	1	0
20131129-170327	15424	990240	4485661	1751675	2733986	1418254	19787	0	1	0	0	0	0	0	0	1	0	2	1	1	1	0	0	117	426	63944	0	9637	9637	0	0	17134	36	231	248	NORM	ACT	1	0
20131129-170329	15424	990240	4485661	1751675	2733986	1418254	19787	0	1	0	0	0	0	0	0	1	0	2	1	1	1	0	0	117	426	63944	0	9637	9637	0	0	17171	36	231	248	NORM	ACT	1	0
20131129-170331	15424	990240	4485661	1751675	2733986	1418254	19787	0	1	0	0	0	0	0	0	1	0	2	1	1	1	0	0	117	426	63944	0	9573	9573	0	0	17146	31	204	204	NORM	ACT	1	0
20131129-170333	15424	990240	4485661	1751675	2733986	1418254	19787	0	1	0	0	0	0	0	0	1	0	2	1	1	1	0	0	117	426	63954	0	9573	9637	0	0	17171	28	186	204	NORM	ACT	1	0
20131129-170335	15424	990240	4485661	1751675	2733986	1418254	19787	0	1	0	0	0	0	0	0	1	0	2	1	1	1	0	0	117	426	63944	0	9637	9637	0	0	17158	27	177	186	NORM	ACT	1	0
20131129-170337	15424	990240	4485661	1751675	2733986	1418254	19787	0	1	0	0	0	0	0	0	1	0	2	1	1	1	0	0	117	426	63954	0	9573	9637	0	0	17171	25	168	186	NORM	ACT	1	0
20131129-170339	15424	990240	4485661	1751675	2733986	1418254	19787	0	1	0	0	0	0	0	0	1	0	2	1	1	1	0	0	117	426	63954	0	9637	9637	0	0	17176	28	195	204	NORM	ACT	1	0
20131129-170342	15424	990240	4485661	1751675	2733986	1418254	19787	0	1	0	0	0	0	0	0	1	0	2	1	1	1	0	0	117	426	63954	0	9573	9573	0	0	17206	29	186	204	NORM	ACT	1	0
20131129-170344	15424	990240	4485661	1751675	2733986	1418254	19787	0	1	0	0	0	0	0	0	1	0	2	1	1	1	0	0	117	426	63954	0	9573	9573	0	0	17203	29	186	204	NORM	ACT	1	0
20131129-170346	15424	990240	4485661	1751675	2733986	1418254	19787	0	1	0	0	0	0	0	0	1	0	2	1	1	1	0	0	117	426	63954	0	9573	9573	0	0	17195	28	186	204	NORM	ACT	1	0
20131129-170348	15424	990240	4485661	1751675	2733986	1418254	19787	0	1	0	0	0	0	0	0	1	0	2	1	1	1	0	0	117	426	63954	0	9573	9573	0	0	17191	25	159	186	NORM	ACT	1	0
20131129-170350	15424	990240	4485661	1751675	2733986	1418254	19787	0	1	0	0	0	0	0	0	1	0	2	1	1	1	0	0	117	426	63954	0	9573	9573	0	0	17203	22	151	151	NORM	ACT	1	0
20131129-170352	15424	990240	4485661	1751675	2733986	1418254	19787	0	1	0	0	0	0	0	0	1	0	2	1	1	1	0	0	117	426	63954	0	9509	9509	0	0	17189	19	133	142	NORM	ACT	1	0
20131129-170354	15424	990240	4485661	1751675	2733986	1418254	19787	0	1	0	0	0	0	0	0	1	0	2	1	1	1	0	0	117	426	63954	0	9573	9573	0	0	17180	19	133	151	NORM	ACT	1	0
20131129-170356	15424	990240	4485661	1751675	2733986	1418254	19787	0	1	0	0	0	0	0	0	1	0	2	1	1	1	0	0	117	426	63954	0	9573	9573	0	0	17188	19	133	151	NORM	ACT	1	0
20131129-170358	15424	990240	4485661	1751675	2733986	1418254	19787	0	1	0	0	0	0	0	0	1	0	2	1	1	1	0	0	117	426	63954	0	9573	9573	0	0	17179	19	133	151	NORM	ACT	1	0
20131129-170400	15424	990240	4485661	1751675	2733986	1418254	19787	0	1	0	0	0	0	0	0	1	0	2	1	1	1	0	0	117	426	63954	0	9573	9573	0	0	17179	19	133	151	NORM	ACT	1	0
20131129-170402	15424	990240	4485661	1751675	2733986	1418254	19787	0	1	0	0	0	0	0	0	1	0	2	1	1	1	0	0	117	426	63965	0	9509	9509	0	0	17200	19	133	142	NORM	ACT	1	0
20131129-170404	15424	990240	4485661	1751675	2733986	1418254	19787	0	1	0	0	0	0	0	0	1	0	2	1	1	1	0	0	117	426	63965	0	9573	9573	0	0	17207	19	133	142	NORM	ACT	1	0
20131129-170407	15424	990240	4485661	1751675	2733986	1418254	19787	0	1	0	0	0	0	0	0	1	0	2	1	1	1	0	0	117	426	63965	0	9509	9509	0	0	17218	19	124	151	NORM	ACT	1	0
20131129-170409	15424	990240	4485661	1751675	2733986	1418254	19787	0	1	0	0	0	0	0	0	1	0	2	1	1	1	0	0	117	426	63965	0	9509	9509	0	0	17219	18	133	142	NORM	ACT	1	0
20131129-170418	15424	990240	4485661	1751675	2733986	1418254	19787	0	1	0	0	0	0	0	0	1	0	2	1	1	1	0	0	117	426	63965	0	9509	9509	0	0	17204	33	204	222	NORM	ACT	1	0
20131129-170420	15424	990240	4485661	1751675	2733986	1418254	19787	0	1	0	0	0	0	0	0	1	0	2	1	1	1	0	0	117	426	63965	0	9444	9444	0	0	17209	33	204	222	NORM	ACT	1	0
20131129-170422	15424	990240	4485661	1751675	2733986	1418254	19787	0	1	0	0	0	0	0	0	1	0	2	1	1	1	0	0	117	426	63975	0	9509	9509	0	0	17194	33	204	222	NORM	ACT	1	0
20131129-170424	15424	990240	4485661	1751675	2733986	1418254	19787	0	1	0	0	0	0	0	0	1	0	2	1	1	1	0	0	117	426	63965	0	9444	9444	0	0	17201	33	204	222	NORM	ACT	1	0
20131129-170512	15424	990240	4485661	1751675	2733986	1418254	19787	0	1	0	0	0	0	0	0	1	0	2	1	1	1	0	0	117	426	63975	0	9444	9444	0	0	17207	33	204	222	NORM	ACT	1	0
20131129-170514	15424	990240	4485662	1751675	2733987	1418254	19787	0	1	0	0	0	0	0	0	1	0	2	1	1	1	0	0	117	426	63965	0	9444	9444	0	0	17179	12	115	142	NORM	ACT	1	0
20131129-170516	15424	990240	4485662	1751675	2733987	1418254	19787	0	1	0	0	0	0	0	0	1	0	2	1	1	1	0	0	117	426	63965	0	9509	9509	0	0	17173	22	142	177	NORM	ACT	1	0
20131129-170518	15424	990240	4485662	1751675	2733987	1418254	19787	0	1	0	0	0	0	0	0	1	0	2	1	1	1	0	0	117	426	63965	0	9509	9509	0	0	17157	25	168	186	NORM	ACT	1	0
20131129-170520	15424	990240	4485662	1751675	2733987	1418254	19787	0	1	0	0	0	0	0	0	1	0	2	1	1	1	0	0	117	426	63965	0	9509	9509	0	0	17131	25	168	186	NORM	ACT	1	0
20131129-170522	15424	990240	4485662	1751675	2733987	1418254	19787	0	1	0	0	0	0	0	0	1	0	2	1	1	1	0	0	117	426	63965	0	9509	9509	0	0	17143	26	168	186	NORM	ACT	1	0
20131129-170524	15424	990240	4485662	1751675	2733987	1418254	19787	0	1	0	0	0	0	0	0	1	0	2	1	1	1	0	0	117	426	63965	0	9509	9509	0	0	17170	25	168	186	NORM	ACT	1	0
20131129-170622	15424	990240	4485662	1751675	2733987	1418254	19787	0	1	0	0	0	0	0	0	1	0	2	1	1	1	0	0	117	426	63965	0	9509	9509	0	0	17179	9	106	124	NORM	ACT	1	0
20131129-170624	15424	990240	4485662	1751675	2733987	1418254	19787	0	1	0	0	0	0	0	0	1	0	2	1	1	1	0	0	117	426	63965	0	9509	9509	0	0	17170	8	106	124	NORM	ACT	1	0
20131129-170626	15424	990240	4485662	1751675	2733987	1418254	19787	0	1	0	0	0	0	0	0	1	0	2	1	1	1	0	0	117	426	63965	0	9509	9509	0	0	17166	9	106	124	NORM	ACT	1	0
20131129-170628	15424	990240	4485662	1751675	2733987	1418254	19787	0	1	0	0	0	0	0	0	1	0	2	1	1	1	0	0	117	426	63954	0	9573	9509	0	0	17161	7	106	115	NORM	ACT	1	0
20131129-170631	15424	990240	4485662	1751675	2733987	1418254	19787	0	1	0	0	0	0	0	0	1	0	2	1	1	1	0	0	117	426	63965	0	9509	9509	0	0	17155	8	106	124	NORM	ACT	1	0
20131129-170633	15424	990240	4485662	1751675	2733987	1418254	19787	0	1	0	0	0	0	0	0	1	0	2	1	1	1	0	0	117	426	63965	0	9509	9509	0	0	17152	9	106	115	NORM	ACT	1	0
20131129-170635	15424	990240	4485663	1751675	2733988	1418254	19787	0	1	0	0	0	0	0	0	1	0	2	1	1	1	0	0	117	426	63965	0	9509	9509	0	0	17156	8	106	106	NORM	ACT	1	0
20131129-170637	15424	990240	4485663	1751675	2733988	1418254	19787	0	1	0	0	0	0	0	0	1	0	2	1	1	1	0	0	117	426	63965	0	9509	9509	0	0	17155	0	71	88	NORM	ACT	1	0
20131129-170639	15424	990240	4485663	1751675	2733988	1418254	19787	0	1	0	0	0	0	0	0	1	0	2	1	1	1	0	0	117	426	63965	0	9509	9573	0	0	17155	0	88	97	NORM	ACT	1	0
20131129-170641	15424	990240	4485663	1751675	2733988	1418254	19787	0	1	0	0	0	0	0	0	1	0	2	1	1	1	0	0	117	426	63965	0	9573	9573	0	0	17159	0	88	106	NORM	ACT	1	0
20131129-170643	15424	990240	4485663	1751675	2733988	1418254	19787	0	1	0	0	0	0	0	0	1	0	2	1	1	1	0	0	117	426	63965	0	9509	9509	0	0	17156	1	88	97	NORM	ACT	1	0
20131129-170645	15424	990240	4485663	1751675	2733988	1418254	19787	0	1	0	0	0	0	0	0	1	0	2	1	1	1	0	0	117	426	63965	0	9573	9573	0	0	17147	1	88	106	NORM	ACT	1	0
20131129-170647	15424	990240	4485663	1751675	2733988	1418254	19787	0	1	0	0	0	0	0	0	1	0	2	1	1	1	0	0	117	426	63965	0	9509	9509	0	0	17131	1	88	106	NORM	ACT	1	0
20131129-170649	15424	990240	4485663	1751675	2733988	1418254	19787	0	1	0	0	0	0	0	0	1	0	2	1	1	1	0	0	117	426	63965	0	9573	9573	0	0	17150	0	71	88	NORM	ACT	1	0
20131129-170651	15424	990240	4485663	1751675	2733988	1418254	19787	0	1	0	0	0	0	0	0	1	0	2	1	1	1	0	0	117	426	63965	0	9509	9509	0	0	17154	0	71	79	NORM	ACT	1	0
20131129-170653	15424	990240	4485663	1751675	2733988	1418254	19787	0	1	0	0	0	0	0	0	1	0	2	1	1	1	0	0	117	426	63965	0	9509	9509	0	0	17161	0	71	79	NORM	ACT	1	0
20131129-170655	15424	990240	4485663	1751675	2733988	1418254	19787	0	1	0	0	0	0	0	0	1	0	2	1	1	1	0	0	117	426	63965	0	9509	9509	0	0	17155	0	71	79	NORM	ACT	1	0
20131129-170658	15424	990240	4485663	1751675	2733988	1418254	19787	0	1	0	0	0	0	0	0	1	0	2	1	1	1	0	0	117	426	63965	0	9509	9509	0	0	17171	0	71	71	NORM	ACT	1	0
20131129-170700	15424	990240	4485663	1751675	2733988	1418254	19787	0	1	0	0	0	0	0	0	1	0	2	1	1	1	0	0	117	426	63965	0	9509	9509	0	0	17182	0	71	88	NORM	ACT	1	0
20131129-170702	15424	990240	4485663	1751675	2733988	1418254	19787	0	1	0	0	0	0	0	0	1	0	2	1	1	1	0	0	117	426	63965	0	9509	9509	0	0	17167	0	71	88	NORM	ACT	1	0
20131129-170704	15424	990240	4485663	1751675	2733988	1418254	19787	0	1	0	0	0	0	0	0	1	0	2	1	1	1	0	0	117	426	63965	0	9509	9509	0	0	17162	0	71	79	NORM	ACT	1	0
20131129-170706	15424	990240	4485663	1751675	2733988	1418254	19787	0	1	0	0	0	0	0	0	1	0	2	1	1	1	0	0	117	426	63965	0	9509	9509	0	0	17159	0	71	88	NORM	ACT	1	0
20131129-170708	15424	990240	4485663	1751675	2733988	1418254	19787	0	1	0	0	0	0	0	0	1	0	2	1	1	1	0	0	117	426	63965	0	9573	9573	0	0	17171	0	71	88	NORM	ACT	1	0
20131129-170710	15424	990240	4485663	1751675	2733988	1418254	19787	0	1	0	0	0	0	0	0	1	0	2	1	1	1	0	0	117	426	63954	0	9509	9509	0	0	17173	0	71	88	NORM	ACT	1	0
20131129-170712	15424	990240	4485663	1751675	2733988	1418254	19787	0	1	0	0	0	0	0	0	1	0	2	1	1	0	0	0	117	426	63954	0	9573	9573	0	0	17173	0	71	79	NORM	ACT	1	0
20131129-170714	15424	990240	4485663	1751675	2733988	1418254	19787	0	1	0	0	0	0	0	0	1	0	2	1	1	1	0	0	117	426	63965	0	9509	9509	0	0	17165	6	97	124	NORM	ACT	1	0
20131129-170716	15424	990240	4485663	1751675	2733988	1418254	19787	0	1	0	0	0	0	0	0	1	0	2	1	1	1	0	0	117	426	63965	0	9509	9509	0	0	17155	18	142	159	NORM	ACT	1	0
20131129-170718	15424	990240	4485663	1751675	2733988	1418254	19787	0	1	0	0	0	0	0	0	1	0	2	1	1	1	0	0	117	426	63965	0	9509	9509	0	0	17154	21	142	159	NORM	ACT	1	0
20131129-170720	15424	990240	4485663	1751675	2733988	1418254	19787	0	1	0	0	0	0	0	0	1	0	2	1	1	1	0	0	117	426	63965	0	9573	9573	0	0	17149	21	142	159	NORM	ACT	1	0
20131129-170723	15424	990240	4485663	1751675	2733988	1418254	19787	0	1	0	0	0	0	0	0	1	0	2	1	1	0	0	0	117	426	63954	0	9573	9573	0	0	17153	21	142	159	NORM	ACT	1	0
20131129-170725	15424	990240	4485663	1751675	2733988	1418254	19787	0	1	0	0	0	0	0	0	1	0	2	1	1	0	0	0	117	426	63954	0	9509	9509	0	0	17156	21	142	159	NORM	ACT	1	0
20131129-170727	15424	990240	4485663	1751675	2733988	1418254	19787	0	1	0	0	0	0	0	0	1	0	2	1	1	0	0	0	117	426	63965	0	9509	9509	0	0	17174	21	151	159	NORM	ACT	1	0
20131129-170729	15424	990240	4485663	1751675	2733988	1418254	19787	0	1	0	0	0	0	0	0	1	0	2	1	1	0	0	0	117	426	63965	0	9509	9509	0	0	17173	21	142	159	NORM	ACT	1	0
20131129-170731	15424	990240	4485663	1751675	2733988	1418254	19787	0	1	0	0	0	0	0	0	1	0	2	1	1	0	0	0	117	426	63965	0	9573	9509	0	0	17176	21	142	159	NORM	ACT	1	0
20131129-170733	15424	990240	4485663	1751675	2733988	1418254	19787	0	1	0	0	0	0	0	0	1	0	2	1	1	0	0	0	117	426	63965	0	9573	9573	0	0	17165	19	124	213	NORM	ACT	1	0
20131129-170735	15424	990240	4485663	1751675	2733988	1418254	19787	0	1	0	0	0	0	0	0	1	0	2	1	1	0	0	0	117	426	1751	9332	0	0	3725	3716	17155	77	595	675	NORM	ACT	1	0
20131129-170737	15424	990240	4485663	1751675	2733988	1418254	19787	0	1	0	0	0	0	0	0	1	0	2	0	1	0	0	377	117	426	1862	9550	0	0	3722	3708	17132	190	1279	1368	NORM	INI_M	1	0
20131129-170739	15424	990240	4485663	1751675	2733988	1418254	19787	0	1	0	0	0	0	0	0	1	0	2	0	1	0	0	768	117	427	1990	10219	0	0	3976	3990	17112	318	2106	2284	NORM	PA_E	1	0
20131129-170741	15424	990240	4485663	1751675	2733988	1418254	19787	0	1	0	0	0	0	0	0	1	0	2	0	1	0	0	1136	117	427	1990	10206	0	0	3984	3993	17097	439	2924	2941	NORM	PA_E	1	0
20131129-171319	15424	990240	4485701	1751696	2734005	1418259	19787	0	1	0	0	0	0	0	1	1	0	2	1	1	1	0	0	117	674	63933	0	9701	9573	0	0	17133	27	186	195	NORM	CH_E	3	0
20131129-171321	15424	990240	4485701	1751696	2734005	1418259	19787	0	1	0	0	0	0	0	1	1	0	2	1	1	1	0	0	117	674	63954	0	9573	9573	0	0	17132	34	222	239	NORM	CH_E	3	0
20131129-171323	15424	990240	4485701	1751696	2734005	1418259	19787	0	1	0	0	0	0	0	1	1	0	2	1	1	1	0	0	117	674	63954	0	9637	9637	0	0	17143	34	222	231	NORM	CH_E	3	0
20131129-171325	15424	990240	4485701	1751696	2734005	1418259	19787	0	1	0	0	0	0	0	1	1	0	2	1	1	1	0	0	117	674	63954	0	9573	9573	0	0	17143	35	222	239	NORM	CH_E	3	0
20131129-171756	15424	990240	4485729	1751714	2734015	1418262	19787	0	1	0	0	0	0	0	1	1	0	2	1	1	1	0	0	117	826	63933	0	9766	9766	0	0	17129	9	115	124	NORM	CH_E	5	0
20131129-171758	15424	990240	4485729	1751714	2734015	1418262	19787	0	1	0	0	0	0	0	1	1	0	2	1	1	1	0	0	117	826	63933	0	9701	9701	0	0	17130	9	115	124	NORM	CH_E	5	0
20131129-171800	15424	990240	4485729	1751714	2734015	1418262	19787	0	1	0	0	0	0	0	1	1	0	2	1	1	1	0	0	117	826	63944	0	9701	9701	0	0	17134	9	115	124	NORM	CH_E	5	0
20131129-171802	15424	990240	4485729	1751714	2734015	1418262	19787	0	1	0	0	0	0	0	1	1	0	2	1	1	1	0	0	117	826	63933	0	9701	9637	0	0	17128	10	115	124	NORM	CH_E	5	0
20131129-171805	15424	990240	4485729	1751714	2734015	1418262	19787	0	1	0	0	0	0	0	1	1	0	2	1	1	1	0	0	117	826	63944	0	9637	9637	0	0	17138	0	71	88	NORM	CH_E	5	0
20131129-172332	15424	990240	4485762	1751729	2734033	1418267	19787	0	1	0	0	0	0	0	1	1	0	2	1	1	1	0	0	118	1060	63931	0	9637	9637	0	0	17033	14	133	124	NORM	CH_E	7	0
20131129-172334	15424	990240	4485762	1751729	2734033	1418267	19787	0	1	0	0	0	0	0	1	1	0	2	1	1	1	0	0	118	1060	63942	0	9573	9573	0	0	17031	20	133	151	NORM	CH_E	7	0
20131129-172336	15424	990240	4485762	1751737	2734025	1418267	19787	0	1	0	0	0	0	0	1	1	0	2	1	1	1	0	0	118	1060	63942	0	9573	9573	0	0	17025	20	133	151	NORM	CH_E	7	0
20131129-173440	15424	990240	4485762	1751737	2734025	1418267	19787	0	1	0	0	0	0	0	1	1	0	2	1	1	1	0	0	118	1060	63942	0	9573	9573	0	0	17034	24	151	168	NORM	CH_E	11	0
20131129-173442	15424	990240	4485849	1751773	2734076	1418276	19787	0	1	0	0	0	0	0	1	1	0	2	1	1	1	0	0	118	1531	63952	0	9573	9573	0	0	17131	27	177	186	NORM	CH_E	11	0
20131129-173444	15424	990240	4485849	1751773	2734076	1418276	19787	0	1	0	0	0	0	0	1	1	0	2	1	1	1	0	0	118	1531	63952	0	9509	9573	0	0	17115	26	168	186	NORM	CH_E	11	0
20131129-173446	15424	990240	4485849	1751773	2734076	1418276	19787	0	1	0	0	0	0	0	1	1	0	2	1	1	1	0	0	118	1531	63952	0	9573	9573	0	0	17150	26	177	186	NORM	CH_E	11	0
20131129-173448	15424	990240	4485849	1751773	2734076	1418276	19787	0	1	0	0	0	0	0	1	1	0	2	1	1	1	0	0	118	1531	63952	0	9509	9509	0	0	17117	23	151	168	NORM	CH_E	11	0
20131129-173450	15424	990240	4485849	1751773	2734076	1418276	19787	0	1	0	0	0	0	0	1	1	0	2	1	1	1	0	0	118	1531	63952	0	9509	9509	0	0	17088	23	151	168	NORM	CH_E	11	0
20131129-173458	15424	990240	4485849	1751773	2734076	1418276	19787	0	1	0	0	0	0	0	1	1	0	2	1	1	1	0	0	118	1531	63952	0	9509	9509	0	0	17144	21	151	159	NORM	CH_E	11	0
20131129-173500	15424	990240	4485849	1751773	2734076	1418276	19787	0	1	0	0	0	0	0	1	1	0	2	1	1	1	0	0	118	1531	63952	0	9509	9509	0	0	17128	21	142	159	NORM	CH_E	11	0
20131129-173502	15424	990240	4485849	1751773	2734076	1418276	19787	0	1	0	0	0	0	0	1	1	0	2	1	1	0	0	0	118	1531	63942	0	9573	9573	0	0	17133	21	142	159	NORM	CH_E	11	0
20131129-173504	15424	990240	4485849	1751773	2734076	1418276	19787	0	1	0	0	0	0	0	1	1	0	2	1	1	0	0	0	118	1531	63942	0	9509	9509	0	0	17140	21	142	151	NORM	CH_E	11	0
20131129-173506	15424	990240	4485849	1751773	2734076	1418276	19787	0	1	0	0	0	0	0	1	1	0	2	1	1	0	0	0	118	1531	63942	0	9573	9573	0	0	17150	21	142	159	NORM	CH_E	11	0
20131129-173508	15424	990240	4485849	1751773	2734076	1418276	19787	0	1	0	0	0	0	0	1	1	0	2	1	1	0	0	0	118	1531	63952	0	9509	9509	0	0	17127	12	106	124	NORM	CH_E	11	0
20131129-173510	15424	990240	4485849	1751773	2734076	1418276	19787	0	1	0	0	0	0	0	1	1	0	2	1	1	0	0	0	118	1531	63942	0	9573	9573	0	0	17140	10	106	115	NORM	CH_E	11	0
20131129-173513	15424	990240	4485849	1751773	2734076	1418276	19787	0	1	0	0	0	0	0	1	1	0	2	1	1	0	0	0	118	1531	63942	0	9509	9509	0	0	17146	12	106	115	NORM	CH_E	11	0
20131129-173515	15424	990240	4485849	1751773	2734076	1418276	19787	0	1	0	0	0	0	0	1	1	0	2	1	1	0	0	0	118	1531	63942	0	9573	9509	581	352	17155	24	159	257	NORM	CH_E	11	0
20131129-173727	15424	990240	4485868	1751777	2734091	1418278	19787	0	1	0	0	0	0	0	1	1	0	2	1	1	0	0	0	117	1615	63965	0	9509	9509	0	0	17252	19	124	142	NORM	CH_E	12	0
20131129-173729	15424	990240	4485868	1751777	2734091	1418278	19787	0	1	0	0	0	0	0	1	1	0	2	1	1	0	0	0	118	1615	63963	0	9444	9444	0	0	17240	20	133	142	NORM	CH_E	12	0
20131129-173731	15424	990240	4485868	1751777	2734091	1418278	19787	0	1	0	0	0	0	0	1	1	0	2	1	1	0	0	0	118	1615	63963	0	9444	9444	0	0	17259	32	213	231	NORM	CH_E	12	0
20131129-173733	15424	990240	4485868	1751777	2734091	1418278	19787	0	1	0	0	0	0	0	1	1	0	2	1	1	0	0	0	118	1615	63952	0	9444	9444	0	0	17238	36	231	231	NORM	CH_E	12	0
20131129-173735	15424	990240	4485868	1751777	2734091	1418278	19787	0	1	0	0	0	0	0	1	1	0	2	1	1	0	0	0	118	1615	63963	0	9444	9444	0	0	17240	34	222	239	NORM	CH_E	12	0
20131129-173737	15424	990240	4485868	1751779	2734089	1418278	19787	0	1	0	0	0	0	0	1	1	0	2	1	1	0	0	0	118	1615	63963	0	9444	9444	0	0	17231	37	239	275	NORM	CH_E	12	0
20131129-173739	15424	990240	4485868	1751779	2734089	1418278	19787	0	1	0	0	0	0	0	1	1	0	2	1	1	0	0	0	118	1615	63963	0	9444	9316	0	0	17225	44	275	293	NORM	CH_E	12	0
20131129-173741	15424	990240	4485868	1751779	2734089	1418278	19787	0	1	0	0	0	0	0	1	1	0	2	1	1	0	0	0	118	1615	63963	0	9444	9444	576	356	17234	53	337	391	NORM	CH_E	12	0
20131129-173744	15424	990240	4485868	1751779	2734089	1418278	19787	0	1	0	0	0	0	0	1	1	0	2	1	1	0	0	93	117	1615	2088	10550	0	0	4169	4169	17210	138	924	1084	NORM	CH_E	12	0
20131129-173746	15424	990240	4485868	1751779	2734089	1418278	19787	0	1	0	0	0	0	0	1	1	0	2	0	1	0	0	439	117	1615	2086	10563	0	0	4177	4168	17194	248	1653	1813	NORM	PA_I	12	0
20131129-173748	15424	990240	4485868	1751779	2734089	1418278	19787	0	1	0	0	0	0	0	1	1	0	2	0	1	0	0	758	117	1615	2087	10576	0	0	4178	4160	17198	360	2337	2497	NORM	PA_E	12	0
20131129-173750	15424	990240	4485868	1751779	2734089	1418278	19787	0	1	0	0	0	0	0	1	1	0	2	0	1	0	0	1105	117	1616	2087	10567	0	0	4180	4179	17165	468	3093	3261	NORM	PA_E	12	0
20131129-173752	15424	990240	4485868	1751779	2734089	1418278	19787	0	1	0	0	0	0	0	1	1	0	2	0	1	0	0	1423	117	1616	2089	10578	0	0	4171	4182	17137	579	3848	3946	NORM	PA_E	12	0
20131129-173754	15424	990240	4485868	1751779	2734089	1418278	19787	0	1	0	0	0	0	0	1	1	0	2	0	1	0	0	1769	117	1617	2081	10538	0	0	4125	4102	17084	678	4479	4648	NORM	PA_E	12	0
20131129-173756	15424	990240	4485868	1751779	2734089	1418278	19787	0	1	0	0	0	0	0	1	1	0	2	0	1	0	0	2110	117	1618	1977	10617	0	0	3853	3852	17045	735	4844	4861	NORM	PA_E	12	0
20131129-173758	15424	990240	4485868	1751779	2734089	1418278	19787	0	1	0	0	0	0	0	1	1	0	2	0	1	0	0	2391	117	1619	1735	10607	0	0	3382	3426	17039	720	4737	4790	NORM	PA_E	12	0
20131129-173800	15424	990240	4485868	1751779	2734089	1418278	19787	0	1	0	0	0	0	0	1	1	0	2	0	1	0	0	2658	117	1620	1578	10567	0	0	3118	3107	16976	720	4728	4781	NORM	PA_E	12	0
20131129-173802	15424	990240	4485868	1751779	2734089	1418278	19787	0	1	0	0	0	0	0	0	1	0	2	0	1	0	0	2872	117	1621	1453	10598	0	0	2874	2878	16972	714	4684	4719	NORM	PA_E	12	0
20131129-173804	15424	990240	4485868	1751779	2734089	1418278	19787	0	1	0	0	0	0	0	0	1	0	2	0	1	0	0	3059	117	1623	1366	10638	0	0	2683	2677	16906	707	4621	4648	NORM	PA_E	12	0
20131129-173807	15424	990240	4485868	1751779	2734089	1418278	19787	0	1	0	0	0	0	0	0	1	0	2	0	1	0	0	3265	117	1624	1292	10597	0	0	2559	2556	16860	700	4586	4630	NORM	PA_E	12	0
20131129-173809	15424	990240	4485868	1751779	2734089	1418278	19787	0	1	0	0	0	0	0	0	1	0	2	0	1	0	0	3429	117	1626	1220	10578	0	0	2429	2433	16831	699	4577	4612	NORM	PA_E	12	0
20131129-173811	15424	990240	4485868	1751779	2734089	1418278	19787	0	1	0	0	0	0	0	0	1	0	2	0	1	0	0	3590	117	1627	1173	10604	0	0	2325	2320	16851	696	4550	4595	NORM	PA_E	12	0
20131129-173813	15424	990240	4485868	1751779	2734089	1418278	19787	0	1	0	0	0	0	0	0	1	0	2	0	1	0	0	3741	117	1629	1122	10576	0	0	2236	2221	16880	690	4524	4550	NORM	PA_E	12	0
20131129-173815	15424	990240	4485868	1751779	2734089	1418278	19787	0	1	0	0	0	0	0	0	1	0	2	0	1	0	0	3886	117	1630	1081	10536	0	0	2157	2160	16807	720	4621	5181	NORM	PA_E	12	0
20131129-173817	15424	990240	4485868	1751779	2734089	1418278	19787	0	1	0	0	0	0	0	0	1	0	2	0	1	0	0	4076	117	1632	1587	16376	0	0	3141	3146	16731	1069	7083	7137	NORM	PA_E	12	0
20131129-173819	15424	990240	4485868	1751779	2734089	1418278	19787	0	1	0	0	0	0	0	0	1	0	2	0	1	0	0	4296	117	1634	1502	16378	0	0	2990	2996	16740	1075	7066	7119	NORM	PA_E	12	0
20131129-173821	15424	990240	4485868	1751779	2734089	1418278	19787	0	1	0	0	0	0	0	0	1	0	2	0	1	0	0	4546	117	1636	1434	16386	0	0	2852	2840	16747	1074	7066	7101	NORM	PA_E	12	0
20131129-173825	15424	990240	4485868	1751779	2734089	1418278	19787	0	1	0	0	0	0	0	0	1	0	2	0	1	0	0	4930	117	1640	1319	16383	0	0	2632	2632	16829	1061	6977	7012	NORM	PA_E	12	0
20131129-173828	15424	990240	4485868	1751779	2734089	1418278	19787	0	1	0	0	0	0	0	0	1	0	2	0	1	0	0	5119	117	1643	1276	16341	0	0	2539	2536	16852	1057	6950	6986	NORM	PA_E	12	0
20131129-173830	15424	990240	4485868	1751779	2734089	1418278	19787	0	1	0	0	0	0	0	0	1	0	2	0	1	0	0	5281	117	1645	1234	16397	0	0	2461	2452	16826	1057	6950	6986	NORM	PA_E	12	0
20131129-173832	15424	990240	4485868	1751779	2734089	1418278	19787	0	1	0	0	0	0	0	0	1	0	2	0	1	0	0	5445	117	1648	1203	16428	0	0	2396	2382	16831	1063	6986	7012	NORM	PA_E	12	0
20131129-173834	15424	990240	4485868	1751779	2734089	1418278	19787	0	1	0	0	0	0	0	0	1	0	2	0	1	0	0	5530	117	1650	87	1205	0	0	183	177	17008	150	791	728	NORM	PA_E	12	0
20131129-173836	15424	990240	4485868	1751779	2734089	1418279	19787	0	1	0	0	0	0	0	0	1	0	2	0	1	0	0	5485	117	1653	90	1235	0	0	185	181	17006	110	711	737	NORM	PA_E	12	0
20131129-173838	15424	990240	4485884	1751779	2734105	1418279	19787	0	1	0	0	0	0	0	0	1	0	2	0	1	0	0	5437	117	1655	91	1231	0	0	181	177	16979	113	737	524	NORM	PA_E	12	0
20131129-173840	15424	990240	4485884	1751779	2734105	1418279	19787	0	1	0	0	0	0	0	0	1	0	2	0	1	0	0	5375	117	1658	64984	0	3341	0	65535	63233	17066	279	1902	2070	NORM	PA_E	12	0
20131129-173842	15424	990240	4485884	1751779	2734105	1418279	19787	0	1	0	0	0	0	0	0	1	0	2	0	1	0	0	5201	117	1660	64400	0	6874	0	63735	62752	17142	645	4284	4292	NORM	PA_E	12	0
20131129-173844	15424	990240	4485884	1751779	2734105	1418279	19787	0	1	0	0	0	0	0	0	1	0	2	0	1	0	0	4960	117	1662	64411	0	6810	0	63737	62735	17137	623	4088	4079	NORM	PA_E	12	0
20131129-173846	15424	990240	4485884	1751779	2734105	1418279	19787	0	1	0	0	0	0	0	0	1	0	2	0	1	0	0	4700	117	1665	64400	0	6810	0	63737	62756	17099	592	3866	3893	NORM	PA_E	12	0
20131129-173849	15424	990240	4485884	1751779	2734105	1418279	19787	0	1	0	0	0	0	0	0	1	0	2	0	1	0	0	4473	117	1667	64400	0	6874	0	64731	63821	17135	491	3253	1990	NORM	PA_E	12	0
20131129-173851	15424	990240	4485884	1751779	2734105	1418279	19787	0	1	0	0	0	0	0	0	1	0	2	0	1	0	0	4410	117	1669	0	0	0	0	0	0	17139	39	213	204	NORM	PA_E	12	0
20131129-173853	15424	990240	4485884	1751779	2734105	1418279	19787	0	1	0	0	0	0	0	0	1	0	2	0	1	0	0	4443	117	1671	0	0	0	0	0	0	17105	26	168	186	NORM	PA_E	12	0
20131129-173855	15424	990240	4485884	1751779	2734105	1418279	19787	0	1	0	0	0	0	0	0	1	0	2	0	1	0	0	4487	117	1673	0	0	0	0	0	0	17153	25	168	177	NORM	PA_E	12	0
20131129-173857	15424	990240	4485884	1751779	2734105	1418279	19787	0	1	0	0	0	0	0	0	1	0	2	0	1	0	0	4528	117	1675	0	0	0	0	0	0	17167	25	168	177	NORM	PA_E	12	0
20131129-173859	15424	990240	4485884	1751779	2734105	1418279	19787	0	1	0	0	0	0	0	0	1	0	2	0	1	0	0	4584	117	1677	0	0	0	0	0	0	17228	25	159	168	NORM	PA_E	12	0
20131129-173901	15424	990240	4485884	1751779	2734105	1418279	19787	0	1	0	0	0	0	0	0	1	0	2	0	1	0	0	4631	117	1679	0	0	0	0	0	0	17276	25	168	177	NORM	PA_E	12	0
20131129-173903	15424	990240	4485884	1751779	2734105	1418279	19787	0	1	0	0	0	0	0	0	1	0	2	0	1	0	0	4681	117	1681	0	0	0	0	0	0	17299	25	168	177	NORM	PA_E	12	0
20131129-173905	15424	990240	4485884	1751779	2734105	1418279	19787	0	1	0	0	0	0	0	0	1	0	2	0	1	0	0	4743	117	1683	0	0	0	0	0	0	17293	21	133	151	NORM	PA_E	12	0
20131129-173907	15424	990240	4485884	1751779	2734105	1418279	19787	0	1	0	0	0	0	0	0	1	0	2	0	1	0	0	4807	117	1685	0	0	0	0	0	0	17299	21	133	151	NORM	PA_E	12	0
20131129-173909	15424	990240	4485884	1751779	2734105	1418279	19787	0	1	0	0	0	0	0	0	1	0	2	0	1	0	0	4860	117	1688	0	0	0	0	0	0	17319	21	142	151	NORM	PA_E	12	0
20131129-173912	15424	990240	4485884	1751779	2734105	1418279	19787	0	1	0	0	0	0	0	0	1	0	2	0	1	0	0	4919	117	1690	0	0	0	0	0	0	17316	21	133	151	NORM	PA_E	12	0
20131129-173914	15424	990240	4485884	1751779	2734105	1418279	19787	0	1	0	0	0	0	0	0	1	0	2	0	1	0	0	4984	117	1692	0	0	0	0	0	0	17319	21	142	151	NORM	PA_E	12	0
20131129-173916	15424	990240	4485884	1751779	2734105	1418279	19787	0	1	0	0	0	0	0	0	1	0	2	0	1	0	0	5042	117	1694	0	0	0	0	0	0	17323	21	142	151	NORM	PA_E	12	0
20131129-173918	15424	990240	4485884	1751779	2734105	1418279	19787	0	1	0	0	0	0	0	0	1	0	2	0	1	0	0	5106	117	1696	0	0	0	0	0	0	17298	21	142	151	NORM	PA_E	12	0
20131129-173920	15424	990240	4485884	1751779	2734105	1418279	19787	0	1	0	0	0	0	0	0	1	0	2	0	1	0	0	5167	117	1699	0	0	0	0	0	0	17295	21	142	151	NORM	PA_E	12	0
20131129-173922	15424	990240	4485884	1751779	2734105	1418279	19787	0	1	0	0	0	0	0	0	1	0	2	0	1	0	0	5227	117	1701	0	0	0	0	0	0	17280	21	133	151	NORM	PA_E	12	0
20131129-173924	15424	990240	4485884	1751779	2734105	1418280	19787	0	1	0	0	0	0	0	0	1	0	2	0	1	0	0	5287	117	1704	0	0	0	0	0	0	17271	10	106	115	NORM	PA_E	12	0
20131129-173926	15424	990240	4485884	1751779	2734105	1418280	19787	0	1	0	0	0	0	0	0	1	0	2	0	1	0	0	5357	117	1706	0	0	0	0	0	0	17249	8	106	115	NORM	PA_E	12	0
20131129-173928	15424	990240	4485884	1751779	2734105	1418280	19787	0	1	0	0	0	0	0	0	1	0	2	0	1	0	0	5409	117	1709	0	0	0	0	0	0	17251	6	106	115	NORM	PA_E	12	0
20131129-173930	15424	990240	4485884	1751779	2734105	1418280	19787	0	1	0	0	0	0	0	0	1	0	2	0	1	0	0	5470	117	1711	0	0	0	0	0	0	17262	12	115	133	NORM	PA_E	12	0
20131129-173933	15424	990240	4485884	1751779	2734105	1418280	19787	0	1	0	0	0	0	0	0	1	0	2	0	1	0	0	5532	117	1714	0	0	0	0	0	0	17283	28	186	204	NORM	PA_E	12	0
20131129-173935	15424	990240	4485884	1751779	2734105	1418280	19787	0	1	0	0	0	0	0	0	1	0	2	0	1	0	0	5588	117	1716	0	0	0	0	0	0	17269	29	195	204	NORM	PA_E	12	0
20131129-173937	15424	990240	4485884	1751781	2734105	1418280	19787	0	1	0	0	0	0	0	0	1	0	2	0	1	0	0	5639	117	1719	0	0	0	0	0	0	17251	36	231	239	NORM	PA_E	12	0
20131129-173939	15424	990240	4485886	1751781	2734105	1418280	19787	0	1	0	0	0	0	0	0	1	0	2	0	1	0	0	5705	117	1721	0	0	0	0	0	0	17276	33	213	222	NORM	PA_E	12	0
20131129-173941	15424	990240	4485886	1751781	2734105	1418280	19787	0	1	0	0	0	0	0	0	1	0	2	0	1	0	0	5751	117	1724	0	0	0	0	0	0	17234	33	204	222	NORM	PA_E	12	0
20131129-173943	15424	990240	4485886	1751781	2734105	1418280	19787	0	1	0	0	0	0	0	0	1	0	2	0	1	0	0	5810	117	1726	0	0	0	0	0	0	17222	33	204	222	NORM	PA_E	12	0
20131129-173945	15424	990240	4485886	1751781	2734105	1418280	19787	0	1	0	0	0	0	0	0	1	0	2	0	1	0	0	5866	117	1729	0	0	0	0	0	0	17224	33	213	222	NORM	PA_E	12	0
20131129-173947	15424	990240	4485886	1751781	2734105	1418280	19787	0	1	0	0	0	0	0	0	1	0	2	0	1	0	0	5913	117	1732	0	0	0	0	0	0	17197	33	204	213	NORM	PA_E	12	0
20131129-173949	15424	990240	4485886	1751781	2734105	1418280	19787	0	1	0	0	0	0	0	0	1	0	2	0	1	0	0	5972	117	1735	0	0	0	0	0	0	17188	27	186	204	NORM	PA_E	12	0
20131129-173951	15424	990240	4485886	1751781	2734105	1418280	19787	0	1	0	0	0	0	0	0	1	0	2	0	1	0	0	6020	117	1737	0	0	0	0	0	0	17201	25	168	186	NORM	PA_E	12	0
20131129-173954	15424	990240	4485886	1751781	2734105	1418280	19787	0	1	0	0	0	0	0	0	1	0	2	0	1	0	0	6082	117	1740	0	0	0	0	0	0	17213	25	168	177	NORM	PA_E	12	0
20131129-173956	15424	990240	4485886	1751781	2734105	1418280	19787	0	1	0	0	0	0	0	0	1	0	2	0	1	0	0	6136	117	1743	0	0	0	0	0	0	17201	26	168	186	NORM	PA_E	12	0
20131129-173958	15424	990240	4485886	1751781	2734105	1418280	19787	0	1	0	0	0	0	0	0	1	0	2	0	1	0	0	6194	117	1746	0	0	0	0	0	0	17194	26	168	177	NORM	PA_E	12	0
20131129-174002	15424	990240	4485886	1751781	2734105	1418280	19787	0	1	0	0	0	0	0	0	1	0	2	0	1	0	0	6299	117	1751	0	0	0	0	0	0	17191	26	168	177	NORM	PA_E	12	0
20131129-174004	15424	990240	4485886	1751781	2734105	1418281	19787	0	1	0	0	0	0	0	0	1	0	2	0	1	0	0	6347	117	1754	0	0	0	0	65533	65406	17213	51	293	1048	NORM	PA_E	12	0
20131129-174006	15424	990240	4485886	1751781	2734105	1418281	19787	0	1	0	0	0	0	0	0	1	0	2	0	1	0	0	6281	117	1757	63603	0	11757	3276	62676	62645	17258	958	6435	6488	NORM	PA_E	12	0
20131129-174008	15424	990240	4485886	1751781	2734105	1418281	19787	0	1	0	0	0	0	0	0	1	0	2	0	1	0	0	6006	117	1760	64272	0	7645	0	62979	62980	17292	859	5608	5928	NORM	PA_E	12	0
20131129-174010	15424	990240	4485886	1751781	2734105	1418281	19787	0	1	0	0	0	0	0	0	1	0	2	0	1	0	0	5796	117	1763	64029	0	9187	0	62476	62458	17289	981	6461	6470	NORM	PA_E	12	0
20131129-174012	15424	990240	4485886	1751781	2734105	1418281	19787	0	1	0	0	0	0	0	0	1	0	2	0	1	0	0	5587	117	1765	64018	0	9187	0	62478	62490	17277	946	6203	6230	NORM	PA_E	12	0
20131129-174015	15424	990240	4485886	1751781	2734105	1418281	19787	0	1	0	0	0	0	0	0	1	0	2	0	1	0	0	5395	117	1768	64656	0	5332	0	63749	63749	17201	558	3537	3555	NORM	PA_E	12	0
20131129-174017	15424	990240	4485886	1751781	2734105	1418281	19787	0	1	0	0	0	0	0	0	1	0	2	0	1	0	0	5289	117	1770	64656	0	5332	0	63751	63745	17220	530	3466	3484	NORM	PA_E	12	0
20131129-174019	15424	990240	4485886	1751781	2734105	1418281	19787	0	1	0	0	0	0	0	0	1	0	2	0	1	0	0	5179	117	1772	64656	0	5332	0	63769	63762	17218	518	3386	3413	NORM	PA_E	12	0
20131129-174021	15424	990240	4485886	1751781	2734105	1418281	19787	0	1	0	0	0	0	0	0	1	0	2	0	1	0	0	5082	117	1775	65091	0	1606	0	65327	65338	17154	128	622	444	NORM	PA_E	12	0
20131129-174023	15424	990240	4485886	1751781	2734105	1418281	19787	0	1	0	0	0	0	0	0	1	0	2	0	1	0	0	5111	117	1777	65441	0	578	0	65113	64996	17103	76	1066	1404	NORM	PA_E	12	0
20131129-174025	15424	990240	4485886	1751781	2734105	1418281	19787	0	1	0	0	0	0	0	0	1	0	2	0	1	0	0	5095	117	1779	65038	0	3019	0	64521	64520	17054	282	1848	1866	NORM	PA_E	12	0
20131129-174027	15424	990240	4485886	1751781	2734105	1418281	19787	0	1	0	0	0	0	0	0	1	0	2	0	1	0	0	5060	117	1781	65038	0	3019	0	64511	64526	17058	282	1839	1866	NORM	PA_E	12	0
20131129-174029	15424	990240	4485886	1751781	2734105	1418281	19787	0	1	0	0	0	0	0	0	1	0	2	0	1	0	0	5012	117	1784	64698	0	5075	0	63845	63837	17106	458	3030	3119	NORM	PA_E	12	0
20131129-174031	15424	990240	4485886	1751781	2734105	1418281	19787	0	1	0	0	0	0	0	0	1	0	2	0	1	0	0	4894	117	1786	63996	0	9637	0	62251	62257	17155	807	5484	5777	NORM	PA_E	12	0
20131129-174033	15424	990240	4485886	1751781	2734105	1418281	19787	0	1	0	0	0	0	0	0	1	0	2	0	1	0	0	4673	117	1788	63986	0	9380	0	62381	62388	17107	822	5386	5421	NORM	PA_E	12	0
20131129-174036	15424	990240	4485886	1751781	2734105	1418281	19787	0	1	0	0	0	0	0	0	1	0	2	0	1	0	0	4449	117	1791	63975	0	9380	0	62870	62910	17075	737	4835	4515	NORM	PA_E	12	0
20131129-174038	15424	990240	4485886	1751789	2734097	1418281	19787	0	1	0	0	0	0	0	0	1	0	2	0	1	0	0	4274	117	1792	64613	0	5589	0	63612	63634	17036	459	2968	2995	NORM	PA_E	12	0
20131129-174040	15424	990240	4485886	1751789	2734097	1418281	19787	0	1	0	0	0	0	0	0	1	0	2	0	1	0	0	4160	117	1794	64177	0	8866	0	62544	62552	17054	651	4381	4470	NORM	PA_E	12	0
20131129-174042	15424	990240	4485886	1751789	2734097	1418281	19787	0	1	0	0	0	0	0	0	1	0	2	0	1	0	0	3947	117	1796	64103	0	8673	0	62824	62814	17058	615	4017	3946	NORM	PA_E	12	0
20131129-174044	15424	990240	4485886	1751789	2734097	1418281	19787	0	1	0	0	0	0	0	0	1	0	2	0	1	0	0	3762	117	1798	64485	0	6489	0	63384	63356	17090	452	2941	2995	NORM	PA_E	12	0
20131129-174046	15424	990240	4485886	1751789	2734097	1418281	19787	0	1	0	0	0	0	0	0	1	0	2	0	1	0	0	3579	117	1800	63338	0	13235	0	61114	61099	17095	840	5635	5652	NORM	PA_E	12	0
20131129-174048	15424	990240	4485886	1751789	2734097	1418282	19787	0	1	0	0	0	0	0	0	1	0	2	0	1	0	0	3261	117	1801	63666	0	11372	0	61735	61737	17061	686	4417	4417	NORM	PA_E	12	0
20131129-174050	15424	990240	4485886	1751789	2734097	1418282	19787	0	1	0	0	0	0	0	0	1	0	2	0	1	0	0	2978	117	1803	63944	0	8031	0	62913	62928	17110	468	3181	2782	NORM	PA_E	12	0
20131129-174052	15424	990240	4485886	1751789	2734097	1418282	19787	0	1	0	0	0	0	0	0	1	0	2	0	1	0	0	2787	117	1804	63911	0	9830	0	62239	62234	17142	477	3146	3128	NORM	PA_E	12	0
20131129-174054	15424	990240	4485886	1751789	2734097	1418282	19787	0	1	0	0	0	0	0	0	1	0	2	0	1	0	0	2544	117	1805	63911	0	9830	0	62242	62248	17136	432	2817	2817	NORM	PA_E	12	0
20131129-174057	15424	990240	4485886	1751789	2734097	1418282	19787	0	1	0	0	0	0	0	0	1	0	2	0	1	0	0	2318	117	1806	63911	0	9830	0	62242	62237	17188	379	2488	2462	NORM	PA_E	12	0
20131129-174059	15424	990240	4485886	1751789	2734097	1418282	19787	0	1	0	0	0	0	0	1	1	0	2	0	1	0	0	2094	117	1807	63380	0	13042	0	61167	61176	17194	435	2897	2844	NORM	PA_E	12	0
20131129-174101	15424	990240	4485886	1751789	2734097	1418282	19787	0	1	0	0	0	0	0	1	1	0	2	0	1	0	0	1738	117	1808	62934	0	15805	0	60247	60249	17180	425	2782	2755	NORM	PA_E	12	0
20131129-174103	15424	990240	4485886	1751789	2734097	1418282	19787	0	1	0	0	0	0	0	1	1	0	2	0	1	0	0	1337	117	1809	62849	0	16319	449	60227	60243	17152	312	2017	1884	NORM	PA_E	12	0
20131129-174105	15424	990240	4485886	1751789	2734097	1418282	19787	0	1	0	0	0	0	0	1	1	0	2	0	1	0	0	943	117	1809	62838	0	16255	514	60253	60239	17121	183	1155	1102	NORM	PA_E	12	0
20131129-174107	15424	990240	4485886	1751789	2734097	1418282	19787	0	1	0	0	0	0	0	1	1	0	2	0	1	0	0	538	117	1810	62828	0	15420	10794	64863	64784	17106	30	133	151	NORM	PA_E	12	0
20131129-174109	15424	990240	4485886	1751789	2734097	1418282	19787	0	1	0	0	0	0	0	1	1	0	2	0	1	0	0	303	117	1810	63645	0	11436	11436	0	0	17122	12	106	124	NORM	PA_E	12	0
20131129-174111	15424	990240	4485886	1751789	2734097	1418282	19787	0	1	0	0	0	0	0	1	1	0	2	0	1	1	0	70	117	1810	63635	0	11372	11372	0	0	17213	10	106	124	NORM	PA_E	12	0
20131129-174113	15424	990240	4485886	1751789	2734097	1418282	19787	0	1	0	0	0	0	0	1	1	0	2	1	1	1	0	0	119	1810	63939	0	9509	9444	0	0	17195	11	106	124	NORM	CH_I	13	0
20131129-174115	15424	990240	4485886	1751789	2734097	1418282	19787	0	1	0	0	0	0	0	1	1	0	2	1	1	1	0	0	119	1810	63950	0	9444	9444	0	0	17216	0	71	79	NORM	CH_E	13	0
20131129-174118	15424	990240	4485886	1751789	2734097	1418282	19787	0	1	0	0	0	0	0	1	1	0	2	1	1	1	0	0	119	1810	63962	0	9380	9380	0	0	17195	0	71	79	NORM	CH_E	13	0
20131129-174120	15424	990240	4485886	1751789	2734097	1418282	19787	0	1	0	0	0	0	0	1	1	0	2	1	1	1	0	0	119	1810	63972	0	9316	9316	0	0	17280	0	71	79	NORM	CH_E	13	0
20131129-174122	15424	990240	4485886	1751789	2734097	1418282	19787	0	1	0	0	0	0	0	1	1	0	2	1	1	1	0	0	119	1810	63962	0	9380	9380	0	0	17251	0	71	79	NORM	CH_E	13	0
20131129-174124	15424	990240	4485886	1751789	2734097	1418282	19787	0	1	0	0	0	0	0	1	1	0	2	1	1	0	0	0	119	1810	63962	0	9380	9380	0	0	17230	0	62	79	NORM	CH_E	13	0
20131129-174126	15424	990240	4485886	1751789	2734097	1418282	19787	0	1	0	0	0	0	0	1	1	0	2	1	1	0	0	0	119	1810	63972	0	9380	9380	0	0	17249	0	71	88	NORM	CH_E	13	0
20131129-174128	15424	990240	4485886	1751789	2734097	1418282	19787	0	1	0	0	0	0	0	1	1	0	2	1	1	0	0	0	119	1810	63972	0	9316	9444	0	0	17225	0	71	79	NORM	CH_E	13	0
20131129-174130	15424	990240	4485886	1751789	2734097	1418282	19787	0	1	0	0	0	0	0	1	1	0	2	1	1	0	0	0	119	1810	63962	0	9380	9380	0	0	17241	0	62	97	NORM	CH_E	13	0
20131129-174132	15424	990240	4485886	1751789	2734097	1418282	19787	0	1	0	0	0	0	0	1	1	0	2	1	1	0	0	0	119	1810	63962	0	9380	9380	0	0	17258	15	106	133	NORM	CH_E	13	0
20131129-174134	15424	990240	4485886	1751789	2734097	1418282	19787	0	1	0	0	0	0	0	1	1	0	2	1	1	0	0	0	119	1810	63962	0	9380	9444	0	0	17287	16	115	133	NORM	CH_E	13	0
20131129-174138	15424	990240	4485886	1751796	2734090	1418282	19787	0	1	0	0	0	0	0	1	1	0	2	1	1	0	0	19	118	1810	2131	10748	0	0	4597	4600	17299	102	702	817	NORM	CH_E	13	0
20131129-174140	15424	990240	4485886	1751796	2734090	1418282	19787	0	1	0	0	0	0	0	1	1	0	2	0	1	0	0	443	118	1810	2483	12521	0	0	4953	4944	17269	294	1902	2293	NORM	PA_I	13	0
20131129-174143	15424	990240	4485886	1751796	2734090	1418282	19787	0	1	0	0	0	0	0	1	1	0	2	0	1	0	0	1024	118	1810	2478	12495	0	0	4961	4967	17244	519	3439	3697	NORM	PA_E	13	0
20131129-174145	15424	990240	4485886	1751796	2734090	1418282	19787	0	1	0	0	0	0	0	1	1	0	2	0	1	0	0	1536	118	1811	2481	12511	0	0	4942	4952	17233	729	4852	4995	NORM	PA_E	13	0
20131129-174147	15424	990240	4485886	1751796	2734090	1418282	19787	0	1	0	0	0	0	0	1	1	0	2	0	1	0	0	2072	118	1812	2292	12582	0	0	4495	4407	17222	846	5599	5564	NORM	PA_E	13	0
20131129-174149	15424	990240	4485886	1751796	2734090	1418282	19787	0	1	0	0	0	0	0	1	1	0	2	0	1	0	0	2588	118	1813	1900	12541	0	0	3694	3728	17222	822	5421	5421	NORM	PA_E	13	0
20131129-174151	15424	990240	4485886	1751796	2734090	1418282	19787	0	1	0	0	0	0	0	0	1	0	2	0	1	0	0	2969	118	1814	1663	12550	0	0	3213	3197	17204	810	5350	5341	NORM	PA_E	13	0
20131129-174153	15424	990240	4485886	1751796	2734090	1418282	19787	0	1	0	0	0	0	0	0	1	0	2	0	1	0	0	3305	118	1816	1476	12544	0	0	2906	2913	17188	798	5244	5261	NORM	PA_E	13	0
20131129-174155	15424	990240	4485886	1751796	2734090	1418282	19787	0	1	0	0	0	0	0	0	1	0	2	0	1	0	0	3618	118	1817	1346	12518	0	0	2678	2681	17195	792	5199	5226	NORM	PA_E	13	0
20131129-174157	15424	990240	4485886	1751796	2734090	1418282	19787	0	1	0	0	0	0	0	0	1	0	2	0	1	0	0	3978	118	1819	1245	12489	0	0	2479	2461	17191	786	5164	5181	NORM	PA_E	13	0
20131129-174159	15424	990240	4485886	1751796	2734090	1418282	19787	0	1	0	0	0	0	0	0	1	0	2	0	1	0	0	4248	118	1821	1168	12520	0	0	2312	2313	17183	784	5146	5172	NORM	PA_E	13	0
20131129-174201	15424	990240	4485886	1751796	2734090	1418282	19787	0	1	0	0	0	0	0	0	1	0	2	0	1	0	0	4514	118	1823	1097	12512	0	0	2173	2178	17198	779	5110	5137	NORM	PA_E	13	0
20131129-174204	15424	990240	4485886	1751796	2734090	1418282	19787	0	1	0	0	0	0	0	0	1	0	2	0	1	0	0	4774	118	1825	83	59	0	0	10	2	17276	231	666	471	NORM	PA_E	13	0
20131129-174206	15424	990240	4485886	1751796	2734090	1418282	19787	0	1	0	0	0	0	0	0	1	0	2	0	1	0	0	4848	118	1827	0	0	0	0	65535	65533	17269	22	159	266	NORM	PA_E	13	0
20131129-174208	15424	990240	4485886	1751796	2734090	1418282	19787	0	1	0	0	0	0	0	0	1	0	2	0	1	0	0	4856	118	1829	65120	0	2441	0	64684	64695	17251	220	1475	1502	NORM	PA_E	13	0
20131129-174210	15424	990240	4485886	1751796	2734090	1418282	19787	0	1	0	0	0	0	0	0	1	0	2	0	1	0	0	4837	118	1831	65120	0	2505	0	64731	64735	17256	220	1430	1422	NORM	PA_E	13	0
20131129-174212	15424	990240	4485886	1751796	2734090	1418282	19787	0	1	0	0	0	0	0	0	1	0	2	0	1	0	0	4821	118	1834	65141	0	2377	0	64726	64716	17210	213	1395	1422	NORM	PA_E	13	0
20131129-174214	15424	990240	4485886	1751796	2734090	1418282	19787	0	1	0	0	0	0	0	0	1	0	2	0	1	0	0	4812	118	1836	65312	0	1349	0	65084	65073	17191	124	764	755	NORM	PA_E	13	0
20131129-174216	15424	990240	4485886	1751796	2734090	1418282	19787	0	1	0	0	0	0	0	0	1	0	2	0	1	0	0	4822	118	1838	65312	0	1349	0	65069	65083	17213	112	719	737	NORM	PA_E	13	0
20131129-174218	15424	990240	4485886	1751796	2734090	1418282	19787	0	1	0	0	0	0	0	0	1	0	2	0	1	0	0	4837	118	1840	65312	0	1285	0	65080	65078	17219	113	728	746	NORM	PA_E	13	0
20131129-174220	15424	990240	4485886	1751796	2734090	1418282	19787	0	1	0	0	0	0	0	0	1	0	2	0	1	0	0	4851	118	1843	65312	0	1349	0	65076	65077	17219	113	728	746	NORM	PA_E	13	0
20131129-174223	15424	990240	4485886	1751796	2734090	1418282	19787	0	1	0	0	0	0	0	0	1	0	2	0	1	0	0	4870	118	1845	65355	0	1092	0	65155	65162	17227	90	577	586	NORM	PA_E	13	0
20131129-174225	15424	990240	4485886	1751796	2734090	1418282	19787	0	1	0	0	0	0	0	0	1	0	2	0	1	0	0	4898	118	1847	65355	0	1092	0	65155	65149	17209	88	568	595	NORM	PA_E	13	0
20131129-174227	15424	990240	4485886	1751796	2734090	1418282	19787	0	1	0	0	0	0	0	0	1	0	2	0	1	0	0	4930	118	1849	65365	0	1092	0	65151	65162	17191	89	577	595	NORM	PA_E	13	0
20131129-174229	15424	990240	4485886	1751796	2734090	1418283	19787	0	1	0	0	0	0	0	0	1	0	2	0	1	0	0	4959	118	1851	65355	0	1092	0	65155	65164	17165	90	577	604	NORM	PA_E	13	0
20131129-174231	15424	990240	4485886	1751796	2734090	1418283	19787	0	1	0	0	0	0	0	0	1	0	2	0	1	0	0	4921	118	1854	63791	0	10729	4112	61863	61868	17210	929	6337	6488	NORM	PA_E	13	0
20131129-174233	15424	990240	4485886	1751796	2734090	1418283	19787	0	1	0	0	0	0	0	0	1	0	2	0	1	0	0	4589	118	1856	62807	0	16384	4754	61562	61577	17216	987	6515	6577	NORM	PA_E	13	0
20131129-174235	15424	990240	4485886	1751796	2734090	1418283	19787	0	1	0	0	0	0	0	0	1	0	2	0	1	0	0	4119	118	1858	62807	0	16384	3469	61104	61119	17182	950	6346	6052	NORM	PA_E	13	0
20131129-174237	15424	990240	4485886	1751799	2734095	1418283	19787	0	1	0	0	0	0	0	0	1	0	2	0	1	0	0	3827	118	1860	0	0	0	0	0	0	17131	85	222	177	NORM	PA_E	13	0
20131129-174239	15424	990240	4485894	1751799	2734095	1418283	19787	0	1	0	0	0	0	0	0	1	0	2	0	1	0	0	3830	118	1862	0	0	0	0	0	0	17104	13	115	124	NORM	PA_E	13	0
20131129-174241	15424	990240	4485894	1751799	2734095	1418283	19787	0	1	0	0	0	0	0	0	1	0	2	0	1	0	0	3825	118	1863	0	0	0	0	0	0	17125	13	115	124	NORM	PA_E	13	0
20131129-174244	15424	990240	4485894	1751799	2734095	1418283	19787	0	1	0	0	0	0	0	0	1	0	2	0	1	0	0	3808	118	1865	0	0	0	0	0	0	17121	12	106	124	NORM	PA_E	13	0
20131129-174246	15424	990240	4485894	1751799	2734095	1418283	19787	0	1	0	0	0	0	0	0	1	0	2	0	1	0	0	3781	118	1867	0	0	0	0	0	0	17131	0	88	106	NORM	PA_E	13	0
20131129-174248	15424	990240	4485894	1751799	2734095	1418283	19787	0	1	0	0	0	0	0	0	1	0	2	0	1	0	0	3753	118	1868	0	0	0	0	0	0	17125	0	88	97	NORM	PA_E	13	0
20131129-174250	15424	990240	4485894	1751799	2734095	1418283	19787	0	1	0	0	0	0	0	0	1	0	2	0	1	0	0	3709	118	1870	0	0	0	0	0	0	17146	0	88	97	NORM	PA_E	13	0
20131129-174252	15424	990240	4485894	1751799	2734095	1418283	19787	0	1	0	0	0	0	0	0	1	0	2	0	1	0	0	3665	118	1872	0	0	0	0	0	0	17140	0	88	97	NORM	PA_E	13	0
20131129-174254	15424	990240	4485894	1751799	2734095	1418283	19787	0	1	0	0	0	0	0	0	1	0	2	0	1	0	0	3621	118	1874	0	0	0	0	0	0	17131	0	71	79	NORM	PA_E	13	0
20131129-174258	15424	990240	4485894	1751799	2734095	1418283	19787	0	1	0	0	0	0	0	0	1	0	2	0	1	0	0	3494	118	1877	0	0	0	0	0	0	17127	0	71	79	NORM	PA_E	13	0
20131129-174300	15424	990240	4485894	1751799	2734095	1418283	19787	0	1	0	0	0	0	0	0	1	0	2	0	1	0	0	3432	118	1878	0	0	0	0	0	0	17126	0	71	79	NORM	PA_E	13	0
20131129-174303	15424	990240	4485894	1751799	2734095	1418283	19787	0	1	0	0	0	0	0	0	1	0	2	0	1	0	0	3362	118	1880	0	0	0	0	0	0	17162	0	71	71	NORM	PA_E	13	0
20131129-174305	15424	990240	4485894	1751799	2734095	1418283	19787	0	1	0	0	0	0	0	0	1	0	2	0	1	0	0	3291	118	1881	0	0	0	0	0	0	17170	0	71	79	NORM	PA_E	13	0
20131129-174307	15424	990240	4485894	1751799	2734095	1418283	19787	0	1	0	0	0	0	0	0	1	0	2	0	1	0	0	3232	118	1883	0	0	0	0	0	0	17183	0	71	79	NORM	PA_E	13	0
20131129-174309	15424	990240	4485894	1751799	2734095	1418283	19787	0	1	0	0	0	0	0	0	1	0	2	0	1	0	0	3169	118	1884	0	0	0	0	0	0	17163	0	71	79	NORM	PA_E	13	0
20131129-174311	15424	990240	4485894	1751799	2734095	1418283	19787	0	1	0	0	0	0	0	0	1	0	2	0	1	0	0	3123	118	1886	0	0	0	0	0	0	17167	0	71	79	NORM	PA_E	13	0
20131129-174313	15424	990240	4485894	1751799	2734095	1418283	19787	0	1	0	0	0	0	0	0	1	0	2	0	1	0	0	3079	118	1887	0	0	0	0	0	0	17146	0	71	79	NORM	PA_E	13	0
20131129-174317	15424	990240	4485894	1751799	2734095	1418283	19787	0	1	0	0	0	0	0	0	1	0	2	0	1	0	0	3013	118	1890	587	4438	0	0	1165	1155	17110	256	1786	1875	NORM	PA_E	13	0

#eof
