20131206-125156	15525	951137	4508574	1759808	2748766	1421194	20456	0	0	0	0	0	0	0	1	1	1	1	0	1	0	0	0	136	0	62443	0	16255	514	59477	59468	17048	273	1750	1750	NORM	PA_E	6	0
20131206-125200	15525	951137	4508574	1759820	2748754	1421194	20456	0	0	0	0	0	0	0	1	1	1	1	0	1	0	0	0	136	0	63398	0	11243	11243	65535	65531	16991	30	213	213	NORM	PA_E	6	0
20131206-125204	15525	951137	4508574	1759820	2748754	1421194	20456	0	0	0	0	0	0	0	1	1	1	1	1	1	1	0	0	136	0	64070	0	7902	7902	0	0	16977	25	177	177	NORM	CH_I	7	0
20131206-125208	15525	951137	4508574	1759820	2748754	1421194	20456	0	0	0	0	0	0	0	1	1	1	1	1	1	1	0	0	136	0	63948	0	8416	8352	0	0	17092	24	177	177	NORM	CH_E	7	0
20131206-125211	15525	951137	4508574	1759820	2748754	1421194	20456	0	0	0	0	0	0	0	1	1	1	1	1	1	1	0	0	136	0	63935	0	8416	8416	0	0	17101	21	151	151	NORM	CH_E	7	0
20131206-125215	15525	951137	4508574	1759820	2748754	1421194	20456	0	0	0	0	0	0	0	1	1	1	1	1	1	1	0	0	136	0	63935	0	8416	8416	0	0	17060	20	142	142	NORM	CH_E	7	0
20131206-125219	15525	951137	4508574	1759820	2748754	1421194	20456	0	0	0	0	0	0	0	1	1	1	1	1	1	0	0	0	136	0	63935	0	8416	8416	0	0	17000	21	151	151	NORM	CH_E	7	0
20131206-125222	15525	951137	4508574	1759820	2748754	1421194	20456	0	0	0	0	0	0	0	1	1	1	1	1	1	0	0	0	136	0	63935	0	8416	8416	0	0	17012	20	142	142	NORM	CH_E	7	0
20131206-125226	15525	951137	4508574	1759820	2748754	1421194	20456	0	0	0	0	0	0	0	1	1	1	1	1	1	0	0	0	136	0	63935	0	8416	8416	0	0	17061	20	142	142	NORM	CH_E	7	0
20131206-125230	15525	951137	4508574	1759820	2748754	1421194	20456	0	0	0	0	0	0	0	1	1	1	1	1	1	0	0	0	136	0	996	4659	0	0	2100	2108	17022	45	319	319	NORM	CH_E	7	0
20131206-125233	15525	951137	4508574	1759820	2748754	1421194	20456	0	0	0	0	0	0	0	1	1	1	1	0	1	0	0	0	135	0	1800	8273	0	0	3898	3891	17015	201	1386	1386	NORM	PA_I	7	0
20131206-125237	15525	951137	4508574	1759820	2748754	1421194	20456	0	0	0	0	0	0	0	1	1	1	1	0	1	0	0	0	135	0	2553	11265	0	0	5100	5115	16968	567	3777	3777	NORM	PA_E	7	0
20131206-125241	15525	951137	4508574	1759820	2748754	1421194	20456	0	0	0	0	0	0	0	1	1	1	1	0	1	0	0	0	135	0	2212	11309	0	0	4302	4328	16923	784	5181	5181	NORM	PA_E	7	0
20131206-125244	15525	951137	4508574	1759820	2748754	1421194	20456	0	0	0	0	0	0	0	1	1	1	1	0	1	0	0	0	135	0	1696	11324	0	0	3326	3300	17023	753	4968	4968	NORM	PA_E	7	0
20131206-125248	15525	951137	4508574	1759820	2748754	1421194	20456	0	0	0	0	0	0	0	0	1	1	1	0	1	0	0	0	135	0	1411	11249	0	0	2793	2785	17055	729	4826	4826	NORM	PA_E	7	0
20131206-125252	15525	951137	4508574	1759820	2748754	1421194	20456	0	0	0	0	0	0	0	0	1	1	1	0	1	0	0	0	135	0	1236	11259	0	0	2462	2445	17109	715	4728	4728	NORM	PA_E	7	0
20131206-125256	15525	951137	4508574	1759820	2748754	1421194	20456	0	0	0	0	0	0	0	0	1	1	1	0	1	0	0	0	135	0	1118	10721	0	0	1939	1960	17194	624	4150	4150	NORM	PA_E	7	0
20131206-125259	15525	951137	4508574	1759820	2748754	1421194	20456	0	0	0	0	0	0	0	0	1	1	1	0	1	0	0	0	135	0	0	0	0	0	0	0	17077	27	177	168	NORM	PA_E	7	0
20131206-125303	15525	951137	4508582	1759820	2748762	1421194	20456	0	0	0	0	0	0	0	0	1	1	1	0	1	0	0	0	135	0	0	0	0	0	0	0	17007	14	124	124	NORM	PA_E	7	0
20131206-125307	15525	951137	4508582	1759820	2748762	1421194	20456	0	0	0	0	0	0	0	0	1	1	1	0	1	0	0	0	135	0	0	0	0	0	0	0	17016	11	124	124	NORM	PA_E	7	0
20131206-125310	15525	951137	4508582	1759820	2748762	1421194	20456	0	0	0	0	0	0	0	0	1	1	1	0	1	0	0	0	135	0	0	0	0	0	0	0	17061	16	124	124	NORM	PA_E	7	0
20131206-125314	15525	951137	4508582	1759820	2748762	1421194	20456	0	0	0	0	0	0	0	0	1	1	1	0	1	0	0	0	135	0	0	0	0	0	0	0	17052	21	151	151	NORM	PA_E	7	0
20131206-125318	15525	951137	4508582	1759820	2748762	1421194	20456	0	0	0	0	0	0	0	0	1	1	1	0	1	0	0	0	135	0	0	0	0	0	0	0	17031	21	142	151	NORM	PA_E	7	0
20131206-125322	15525	951137	4508582	1759820	2748762	1421194	20456	0	0	0	0	0	0	0	0	1	1	1	0	1	0	0	0	135	0	0	0	0	0	0	0	16993	24	177	177	NORM	PA_E	7	0
20131206-125325	15525	951137	4508582	1759820	2748762	1421194	20456	0	0	0	0	0	0	0	0	1	1	1	0	1	0	0	0	135	0	65124	0	2184	0	64621	64611	17012	208	1439	1439	NORM	PA_E	7	0
20131206-125329	15525	951137	4508582	1759820	2748762	1421194	20456	0	0	0	0	0	0	0	0	1	1	1	0	1	0	0	0	135	0	65015	0	2762	0	64460	64462	17043	261	1742	1733	NORM	PA_E	7	0
20131206-125333	15525	951137	4508582	1759820	2748762	1421195	20456	0	0	0	0	0	0	0	0	1	1	1	0	1	0	0	0	135	0	64772	0	4304	0	63879	63873	17100	375	2604	2604	NORM	PA_E	7	0
20131206-125337	15525	951137	4508582	1759820	2748762	1421195	20456	0	0	0	0	0	0	0	0	1	1	1	0	1	0	0	0	135	0	64942	0	3148	0	64410	64411	17140	282	1857	1857	NORM	PA_E	7	0
20131206-125340	15525	951137	4508582	1759820	2748762	1421195	20456	0	0	0	0	0	0	0	0	1	1	1	0	1	0	0	0	135	0	65088	0	2377	0	64619	64631	17146	206	1342	1342	NORM	PA_E	7	0
20131206-125344	15525	951137	4508582	1759820	2748762	1421195	20456	0	0	0	0	0	0	0	0	1	1	1	0	1	0	0	0	135	0	65124	0	1734	0	65307	65314	17079	90	551	551	NORM	PA_E	7	0
20131206-125348	15525	951137	4508582	1759820	2748762	1421195	20456	0	0	0	0	0	0	0	0	1	1	1	0	1	0	0	0	135	0	65282	0	1349	0	65007	65018	17129	92	613	613	NORM	PA_E	7	0
20131206-125352	15525	951137	4508582	1759820	2748762	1421195	20456	0	0	0	0	0	0	0	0	1	1	1	0	1	0	0	0	135	0	64395	0	6746	0	62751	62775	17137	582	4008	4008	NORM	PA_E	7	0
20131206-125355	15525	951137	4508582	1759820	2748762	1421195	20456	0	0	0	0	0	0	0	0	1	1	1	0	1	0	0	0	135	0	64019	0	8095	0	62409	62417	17248	640	4221	4212	NORM	PA_E	7	0
20131206-125359	15525	951137	4508582	1759824	2748762	1421195	20456	0	0	0	0	0	0	0	0	1	1	1	0	1	0	0	0	135	0	64104	0	7581	0	62862	62851	17302	514	3333	3333	NORM	PA_E	7	0
20131206-125403	15525	951137	4508582	1759824	2748758	1421195	20456	0	0	0	0	0	0	0	0	1	1	1	0	1	0	0	0	135	0	64676	0	4626	0	63833	63817	17304	265	1742	1706	NORM	PA_E	7	0
20131206-125406	15525	951137	4508582	1759824	2748758	1421195	20456	0	0	0	0	0	0	0	0	1	1	1	0	1	0	0	0	135	0	64480	0	5589	0	63388	63388	17268	300	1955	1955	NORM	PA_E	7	0
20131206-125410	15525	951137	4508582	1759824	2748758	1421195	20456	0	0	0	0	0	0	0	0	1	1	1	0	1	0	0	0	135	0	64068	0	7774	0	62444	62445	17234	364	2355	2355	NORM	PA_E	7	0
20131206-125414	15525	951137	4508582	1759824	2748758	1421195	20456	0	0	0	0	0	0	0	1	1	1	1	0	1	0	0	0	135	0	63315	0	11886	0	60696	60688	17162	390	2595	2595	NORM	PA_E	7	0
20131206-125418	15525	951137	4508582	1759824	2748758	1421195	20456	0	0	0	0	0	0	0	1	1	1	1	0	1	0	0	0	135	0	62440	0	16319	578	59523	59524	17158	231	1457	1457	NORM	PA_E	7	0
20131206-125421	15525	951137	4508582	1759824	2748758	1421195	20456	0	0	0	0	0	0	0	1	1	1	1	0	1	0	0	0	135	0	63910	0	8095	8095	0	0	17098	36	248	248	NORM	PA_E	7	0
20131206-125425	15525	951137	4508582	1759824	2748758	1421195	20456	0	0	0	0	0	0	0	1	1	1	1	1	1	1	0	0	135	0	63934	0	8481	8481	0	0	17118	35	231	231	NORM	CH_I	8	0
20131206-125429	15525	951137	4508582	1759824	2748758	1421195	20456	0	0	0	0	0	0	0	1	1	1	1	1	1	1	0	0	135	0	63922	0	8545	8545	0	0	17264	34	231	231	NORM	CH_E	8	0
20131206-125432	15525	951137	4508582	1759824	2748758	1421195	20456	0	0	0	0	0	0	0	1	1	1	1	1	1	1	0	0	135	0	63910	0	8609	8609	0	0	17292	35	231	231	NORM	CH_E	8	0
20131206-125436	15525	951137	4508582	1759824	2748758	1421195	20456	0	0	0	0	0	0	0	1	1	1	1	1	1	1	0	0	135	0	63922	0	8545	8545	0	0	17319	34	231	231	NORM	CH_E	8	0
20131206-125440	15525	951137	4508582	1759824	2748758	1421195	20456	0	0	0	0	0	0	0	1	1	1	1	1	1	1	0	0	135	0	63922	0	8545	8545	0	0	17260	35	239	239	NORM	CH_E	8	0
20131206-125444	15525	951137	4508582	1759824	2748758	1421195	20456	0	0	0	0	0	0	0	1	1	1	1	1	1	0	0	0	135	0	63922	0	8545	8545	0	0	17251	36	248	248	NORM	CH_E	8	0
20131206-125447	15525	951137	4508582	1759824	2748758	1421195	20456	0	0	0	0	0	0	0	1	1	1	1	1	1	0	0	0	135	0	63922	0	8545	8545	0	0	17127	24	168	168	NORM	CH_E	8	0
20131206-125451	15525	951137	4508582	1759824	2748758	1421195	20456	0	0	0	0	0	0	0	1	1	1	1	1	1	0	0	0	135	0	63934	0	8416	8416	1	930	17019	31	222	222	NORM	CH_E	8	0
20131206-125455	15525	951137	4508582	1759824	2748758	1421195	20456	0	0	0	0	0	0	0	1	1	1	1	0	1	0	0	0	135	0	1201	5331	0	0	2400	2405	16768	92	631	631	NORM	PA_I	8	0
20131206-125458	15525	951137	4508582	1759824	2748758	1421195	20456	0	0	0	0	0	0	0	1	1	1	1	0	1	0	0	0	135	0	2056	9140	0	0	4411	4425	16643	300	1999	1999	NORM	PA_E	8	0
20131206-125502	15525	951137	4508583	1759828	2748755	1421195	20456	0	0	0	0	0	0	0	1	1	1	1	0	1	0	0	0	135	0	3398	15290	0	0	6948	6930	16628	918	6435	6435	NORM	PA_E	8	0
20131206-125506	15525	951137	4508583	1759828	2748755	1421195	20456	0	0	0	0	0	0	0	1	1	1	1	0	1	0	0	0	135	0	2670	16222	0	0	5295	5259	16673	1139	7537	7537	NORM	PA_E	8	0
20131206-125509	15525	951137	4508583	1759828	2748755	1421195	20456	0	0	0	0	0	0	0	0	1	1	1	0	1	0	0	0	135	0	2120	16409	0	0	4133	4114	16757	1086	7181	7181	NORM	PA_E	8	0
20131206-125513	15525	951137	4508583	1759828	2748755	1421195	20456	0	0	0	0	0	0	0	0	1	1	1	0	1	0	0	0	135	0	1654	15147	0	0	3299	3325	16863	977	6488	6488	NORM	PA_E	8	0
20131206-125517	15525	951137	4508583	1759828	2748755	1421195	20456	0	0	0	0	0	0	0	0	1	1	1	0	1	0	0	0	135	0	965	9777	0	0	1975	1975	16960	683	4364	4319	NORM	PA_E	8	0
20131206-125520	15525	951137	4508583	1759828	2748755	1421195	20456	0	0	0	0	0	0	0	0	1	1	1	0	1	0	0	0	135	0	987	10789	0	0	2043	2034	17014	699	4657	4657	NORM	PA_E	8	0
20131206-125524	15525	951137	4508583	1759828	2748755	1421196	20456	0	0	0	0	0	0	0	0	1	1	1	0	1	0	0	0	135	0	900	10445	0	0	1766	1755	17201	686	4479	4435	NORM	PA_E	8	0
20131206-125528	15525	951137	4508583	1759828	2748755	1421196	20456	0	0	0	0	0	0	0	0	1	1	1	0	1	0	0	0	135	0	786	9879	0	0	1571	1568	17262	624	4133	4133	NORM	PA_E	8	0
20131206-125532	15525	951137	4508583	1759828	2748755	1421196	20456	0	0	0	0	0	0	0	0	1	1	1	0	1	0	0	0	135	0	516	6821	0	0	1026	1026	17253	477	2977	2977	NORM	PA_E	8	0
20131206-125535	15525	951137	4508583	1759828	2748755	1421196	20456	0	0	0	0	0	0	0	0	1	1	1	0	1	0	0	0	135	0	485	6727	0	0	974	972	17298	435	2870	2870	NORM	PA_E	8	0
20131206-125539	15525	951137	4508583	1759828	2748755	1421196	20456	0	0	0	0	0	0	0	0	1	1	1	0	1	0	0	0	135	0	458	6600	0	0	909	916	17639	418	2693	2693	NORM	PA_E	8	0
20131206-125543	15525	951137	4508583	1759828	2748755	1421196	20456	0	0	0	0	0	0	0	0	1	1	1	0	1	0	0	0	135	0	349	5211	0	0	628	628	17745	342	2177	2177	NORM	PA_E	8	0
20131206-125546	15525	951137	4508583	1759828	2748755	1421196	20456	0	0	0	0	0	0	0	0	1	1	1	0	1	0	0	0	135	0	308	4714	0	0	738	736	17774	324	2177	2177	NORM	PA_E	8	0
20131206-125550	15525	951137	4508583	1759828	2748755	1421196	20456	0	0	0	0	0	0	0	0	1	1	1	0	1	0	0	0	135	0	432	6803	0	0	861	861	17652	426	2826	2826	NORM	PA_E	8	0
20131206-125554	15525	951137	4508583	1759828	2748755	1421196	20456	0	0	0	0	0	0	0	0	1	1	1	0	1	0	0	0	135	0	374	6025	0	0	751	747	17546	384	2515	2515	NORM	PA_E	8	0
20131206-125557	15525	951137	4508583	1759828	2748755	1421196	20456	0	0	0	0	0	0	0	0	1	1	1	0	1	0	0	0	135	0	0	0	0	0	0	0	17561	33	213	195	NORM	PA_E	8	0
20131206-125601	15525	951137	4508599	1759828	2748771	1421197	20456	0	0	0	0	0	0	0	0	1	1	1	0	1	0	0	0	135	0	0	0	0	0	0	0	17494	21	151	151	NORM	PA_E	8	0
20131206-125605	15525	951137	4508599	1759828	2748771	1421197	20456	0	0	0	0	0	0	0	0	1	1	1	0	1	0	0	0	135	0	0	0	0	0	0	0	17503	10	115	115	NORM	PA_E	8	0
20131206-125609	15525	951137	4508599	1759828	2748771	1421197	20456	0	0	0	0	0	0	0	0	1	1	1	0	1	0	0	0	135	0	0	0	0	0	0	0	17460	7	115	115	NORM	PA_E	8	0
20131206-125612	15525	951137	4508599	1759828	2748771	1421197	20456	0	0	0	0	0	0	0	0	1	1	1	0	1	0	0	0	135	0	0	0	0	0	0	0	17451	7	115	115	NORM	PA_E	8	0
20131206-125616	15525	951137	4508599	1759828	2748771	1421197	20456	0	0	0	0	0	0	0	0	1	1	1	0	1	0	0	0	135	0	0	0	0	0	0	0	17610	10	115	115	NORM	PA_E	8	0
20131206-125620	15525	951137	4508599	1759828	2748771	1421197	20456	0	0	0	0	0	0	0	0	1	1	1	0	1	0	0	0	135	0	0	0	0	0	0	0	17646	9	115	115	NORM	PA_E	8	0
20131206-125624	15525	951137	4508599	1759828	2748771	1421197	20456	0	0	0	0	0	0	0	0	1	1	1	0	1	0	0	0	135	0	403	7444	0	0	918	924	17563	438	2968	2968	NORM	PA_E	8	0
20131206-125627	15525	951137	4508599	1759828	2748771	1421197	20456	0	0	0	0	0	0	0	0	1	1	1	0	1	0	0	0	135	0	552	9587	0	0	1105	1106	17551	585	3857	3857	NORM	PA_E	8	0
20131206-125631	15525	951137	4508599	1759828	2748771	1421197	20456	0	0	0	0	0	0	0	0	1	1	1	0	1	0	0	0	135	0	578	10098	0	0	1149	1153	17445	615	4061	4061	NORM	PA_E	8	0
20131206-125635	15525	951137	4508599	1759828	2748771	1421197	20456	0	0	0	0	0	0	0	0	1	1	1	0	1	0	0	0	135	0	294	4876	0	0	519	505	17364	319	2070	1973	NORM	PA_E	8	0
20131206-125638	15525	951137	4508599	1759828	2748771	1421198	20456	0	0	0	0	0	0	0	0	1	1	1	0	1	0	0	0	135	0	0	0	0	0	0	0	17377	64	319	319	NORM	PA_E	8	0
20131206-125642	15525	951137	4508599	1759828	2748771	1421198	20456	0	0	0	0	0	0	0	0	1	1	1	0	1	0	0	0	135	0	4	71	0	0	7	13	17441	38	266	266	NORM	PA_E	8	0
20131206-125646	15525	951137	4508599	1759828	2748771	1421198	20456	0	0	0	0	0	0	0	0	1	1	1	0	1	0	0	0	135	0	243	4096	0	0	479	480	17414	243	1688	1688	NORM	PA_E	8	0
20131206-125649	15525	951137	4508599	1759828	2748771	1421198	20456	0	0	0	0	0	0	0	0	1	1	1	0	1	0	0	0	135	0	509	8679	0	0	1017	1019	17337	536	3546	3555	NORM	PA_E	8	0
20131206-125653	15525	951137	4508599	1759828	2748771	1421198	20456	0	0	0	0	0	0	0	0	1	1	1	0	1	0	0	0	135	0	601	10393	0	0	1206	1096	17271	602	3981	3981	NORM	PA_E	8	0
20131206-125657	15525	951137	4508599	1759828	2748771	1421198	20456	0	0	0	0	0	0	0	0	1	1	1	0	1	0	0	0	135	0	0	0	0	0	0	0	17319	0	0	0	NORM	PA_E	8	0
20131206-125701	15525	951137	4508605	1759828	2748777	1421198	20456	0	0	0	0	0	1	0	0	1	1	1	0	1	0	0	0	135	0	0	0	0	0	0	0	2881	0	8	8	NORM	PA_E	8	0
20131206-125704	15525	951137	4508605	1759828	2748777	1421198	20456	0	0	0	0	0	1	0	0	1	1	1	0	1	0	0	0	135	0	0	0	0	0	0	0	17037	143	888	888	NORM	PA_E	8	0
20131206-125708	15525	951137	4508605	1759828	2748777	1421198	20456	0	0	0	0	0	0	0	0	1	1	1	0	1	0	0	0	135	0	0	0	0	0	0	0	17036	10	53	53	NORM	PA_E	8	0
20131206-125712	15525	951137	4508605	1759828	2748777	1421199	20456	0	0	0	0	0	0	0	0	1	1	1	0	1	0	0	0	135	0	0	0	0	0	0	0	17040	0	26	44	NORM	PA_E	8	0
20131206-125716	15525	951137	4508605	1759828	2748777	1421199	20456	0	0	0	0	0	0	0	0	1	1	1	0	1	0	0	0	135	0	0	0	0	0	0	0	17046	0	79	79	NORM	PA_E	8	0
20131206-125719	15525	951137	4508605	1759828	2748777	1421199	20456	0	0	0	0	0	0	0	0	1	1	1	0	1	0	0	0	135	0	0	0	0	0	0	0	17064	3	97	97	NORM	PA_E	8	0
20131206-125723	15525	951137	4508605	1759828	2748777	1421199	20456	0	0	0	0	0	0	0	0	1	1	1	0	1	0	0	0	135	0	0	0	0	0	0	0	17051	47	311	311	NORM	PA_E	8	0
20131206-125727	15525	951137	4508605	1759828	2748777	1421199	20456	0	0	0	0	0	0	0	0	1	1	1	0	1	0	0	0	135	0	0	0	0	0	0	0	17046	45	311	311	NORM	PA_E	8	0
20131206-125731	15525	951137	4508605	1759828	2748777	1421199	20456	0	0	0	0	0	0	0	0	1	1	1	0	1	0	0	0	135	0	939	13745	0	0	1986	1982	17011	888	5999	5999	NORM	PA_E	8	0
20131206-125734	15525	951137	4508605	1759828	2748777	1421199	20456	0	0	0	0	0	0	0	0	1	1	1	0	1	0	0	0	135	0	994	14609	0	0	1993	1984	17030	962	6390	6390	NORM	PA_E	8	0
20131206-125738	15525	951137	4508605	1759828	2748777	1421199	20456	0	0	0	0	0	0	0	0	1	1	1	0	1	0	0	0	135	0	1085	16349	0	0	2169	2179	17033	1058	7039	7039	NORM	PA_E	8	0
20131206-125742	15525	951137	4508605	1759828	2748777	1421199	20456	0	0	0	0	0	0	0	0	1	1	1	0	1	0	0	0	135	0	1062	16395	0	0	2123	2120	16996	1063	7074	7074	NORM	PA_E	8	0
20131206-125745	15525	951137	4508605	1759828	2748777	1421199	20456	0	0	0	0	0	0	0	0	1	1	1	0	1	0	0	0	135	0	1033	16443	0	0	2062	2059	17023	1060	7066	7066	NORM	PA_E	8	0
20131206-125749	15525	951137	4508605	1759828	2748777	1421200	20456	0	0	0	0	0	0	0	0	1	1	1	0	1	0	0	0	135	0	663	10877	0	0	1327	1331	17054	709	4666	4666	NORM	PA_E	8	0
20131206-125753	15525	951137	4508605	1759828	2748777	1421200	20456	0	0	0	0	0	0	0	0	1	1	1	0	1	0	0	0	135	0	741	12363	0	0	1477	1458	17046	786	5217	5217	NORM	PA_E	8	0
20131206-125756	15525	951137	4508605	1759828	2748777	1421200	20456	0	0	0	0	0	0	0	0	1	1	1	0	1	0	0	0	135	0	733	12554	0	0	1463	1468	17051	803	5315	5315	NORM	PA_E	8	0
20131206-125800	15525	951137	4508616	1759828	2748788	1421200	20456	0	0	0	0	0	0	0	0	1	1	1	0	1	0	0	0	135	0	590	10176	0	0	1178	1142	17029	655	4319	4284	NORM	PA_E	8	0
20131206-125804	15525	951137	4508616	1759828	2748788	1421200	20456	0	0	0	0	0	0	0	0	1	1	1	0	1	0	0	0	135	0	536	9216	0	0	1065	1072	17060	593	3928	3928	NORM	PA_E	8	0
20131206-125808	15525	951137	4508616	1759828	2748788	1421200	20456	0	0	0	0	0	0	0	0	1	1	1	0	1	0	0	0	135	0	520	8527	0	0	967	985	17045	561	3679	3679	NORM	PA_E	8	0
20131206-125811	15525	951137	4508616	1759828	2748788	1421200	20456	0	0	0	0	0	0	0	0	1	1	1	0	1	0	0	0	135	0	440	7479	0	0	883	881	17035	487	3244	3395	NORM	PA_E	8	0
20131206-125815	15525	951137	4508616	1759828	2748788	1421200	20456	0	0	0	0	0	0	0	0	1	1	1	0	1	0	0	0	135	0	605	10284	0	0	1222	1216	17039	663	4417	4417	NORM	PA_E	8	0
20131206-125819	15525	951137	4508616	1759828	2748788	1421200	20456	0	0	0	0	0	0	0	0	1	1	1	0	1	0	0	0	135	0	611	10380	0	0	1216	1217	17051	669	4435	4435	NORM	PA_E	8	0
20131206-125822	15525	951137	4508616	1759828	2748788	1421201	20456	0	0	0	0	0	0	0	0	1	1	1	0	1	0	0	0	135	0	519	8847	0	0	1048	1040	17042	585	3848	3848	NORM	PA_E	8	0
20131206-125826	15525	951137	4508616	1759828	2748788	1421201	20456	0	0	0	0	0	0	0	0	1	1	1	0	1	0	0	0	135	0	522	8802	0	0	1002	884	17040	561	3697	3697	NORM	PA_E	8	0
20131206-125830	15525	951137	4508616	1759828	2748788	1421201	20456	0	0	0	0	0	0	0	0	1	1	1	0	1	0	0	0	135	0	0	0	0	0	0	0	17072	35	231	231	NORM	PA_E	8	0
20131206-125834	15525	951137	4508616	1759828	2748788	1421201	20456	0	0	0	0	0	0	0	0	1	1	1	0	1	0	0	0	135	0	0	0	0	0	0	0	17061	33	231	231	NORM	PA_E	8	0
20131206-125837	15525	951137	4508616	1759828	2748788	1421201	20456	0	0	0	0	0	0	0	0	1	1	1	0	1	0	0	0	135	0	0	0	0	0	0	0	17066	34	231	231	NORM	PA_E	8	0
20131206-125841	15525	951137	4508616	1759828	2748788	1421201	20456	0	0	0	0	0	0	0	0	1	1	1	0	1	0	0	0	135	0	0	0	0	0	0	0	17061	36	239	239	NORM	PA_E	8	0
20131206-125845	15525	951137	4508616	1759828	2748788	1421201	20456	0	0	0	0	0	0	0	0	1	1	1	0	1	0	0	0	135	0	0	0	0	0	0	0	17072	36	248	248	NORM	PA_E	8	0
20131206-125849	15525	951137	4508616	1759828	2748788	1421201	20456	0	0	0	0	0	0	0	0	1	1	1	0	1	0	0	0	135	0	0	0	0	0	0	0	17093	33	231	231	NORM	PA_E	8	0
20131206-125852	15525	951137	4508616	1759828	2748788	1421201	20456	0	0	0	0	0	0	0	0	1	1	1	0	1	0	0	0	135	0	0	0	0	0	0	0	17094	33	231	231	NORM	PA_E	8	0
20131206-125856	15525	951137	4508616	1759828	2748788	1421202	20456	0	0	0	0	0	0	0	0	1	1	1	0	1	0	0	0	135	0	0	0	0	0	0	0	17088	33	222	222	NORM	PA_E	8	0
20131206-125900	15525	951137	4508616	1759828	2748797	1421202	20456	0	0	0	0	0	0	0	0	1	1	1	0	1	0	0	0	135	0	65233	0	1606	0	64816	64816	17094	225	1546	1546	NORM	PA_E	8	0
20131206-125903	15525	951137	4508625	1759828	2748797	1421202	20456	0	0	0	0	0	0	0	0	1	1	1	0	1	0	0	0	135	0	65161	0	1991	0	64765	64766	17112	265	1759	1768	NORM	PA_E	8	0
20131206-125907	15525	951137	4508625	1759828	2748797	1421202	20456	0	0	0	0	0	0	0	0	1	1	1	0	1	0	0	0	135	0	65453	0	449	0	65357	65352	17093	34	213	213	NORM	PA_E	8	0
20131206-125911	15525	951137	4508625	1759828	2748797	1421202	20456	0	0	0	0	0	0	0	0	1	1	1	0	1	0	0	0	135	0	65453	0	449	0	65349	65353	17093	30	204	204	NORM	PA_E	8	0
20131206-125915	15525	951137	4508625	1759828	2748797	1421202	20456	0	0	0	0	0	0	0	0	1	1	1	0	1	0	0	0	135	0	65453	0	449	0	65353	65301	17096	45	293	355	NORM	PA_E	8	0
20131206-125918	15525	951137	4508625	1759828	2748797	1421202	20456	0	0	0	0	0	0	0	0	1	1	1	0	1	0	0	0	135	0	65307	0	1220	0	65060	65060	17091	149	995	995	NORM	PA_E	8	0
20131206-125922	15525	951137	4508625	1759828	2748797	1421202	20456	0	0	0	0	0	0	0	0	1	1	1	0	1	0	0	0	135	0	65427	0	578	0	65304	65306	17090	40	257	257	NORM	PA_E	8	0
20131206-125926	15525	951137	4508625	1759828	2748797	1421202	20456	0	0	0	0	0	0	0	0	1	1	1	0	1	0	0	0	135	0	65258	0	1542	0	64821	64817	17117	180	1279	1430	NORM	PA_E	8	0
20131206-125930	15525	951137	4508625	1759828	2748797	1421202	20456	0	0	0	0	0	0	0	0	1	1	1	0	1	0	0	0	135	0	65136	0	2120	0	64717	64711	17105	284	1875	1875	NORM	PA_E	8	0
20131206-125933	15525	951137	4508625	1759828	2748797	1421203	20456	0	0	0	0	0	0	0	0	1	1	1	0	1	0	0	0	135	0	65039	0	2634	0	64514	64527	17097	354	2346	2346	NORM	PA_E	8	0
20131206-125937	15525	951137	4508625	1759828	2748797	1421203	20456	0	0	0	0	0	0	0	0	1	1	1	0	1	0	0	0	135	0	65076	0	2377	0	64623	64616	17124	321	2097	2070	NORM	PA_E	8	0
20131206-125941	15525	951137	4508625	1759828	2748797	1421203	20456	0	0	0	0	0	0	0	0	1	1	1	0	1	0	0	0	135	0	65088	0	2377	0	64665	64670	17099	297	1937	1937	NORM	PA_E	8	0
20131206-125945	15525	951137	4508625	1759828	2748797	1421203	20456	0	0	0	0	0	0	0	0	1	1	1	0	1	0	0	0	135	0	65307	0	1220	0	65058	65061	17097	128	879	879	NORM	PA_E	8	0
20131206-125948	15525	951137	4508625	1759828	2748797	1421203	20456	0	0	0	0	0	0	0	0	1	1	1	0	1	0	0	0	135	0	65427	0	578	0	65308	65307	17110	33	222	222	NORM	PA_E	8	0
20131206-125952	15525	951137	4508625	1759828	2748797	1421203	20456	0	0	0	0	0	0	0	0	1	1	1	0	1	0	0	0	135	0	0	0	0	0	0	65535	17099	51	364	364	NORM	PA_E	8	0
20131206-125956	15525	951137	4508625	1759828	2748797	1421203	20456	0	0	0	0	0	0	0	0	1	1	1	0	1	0	0	0	135	0	0	0	0	0	0	0	17084	46	319	319	NORM	PA_E	8	0
20131206-130000	15525	951137	4508625	1759832	2748797	1421203	20456	0	0	0	0	0	0	0	0	1	1	1	0	1	0	0	0	135	0	0	0	0	0	0	0	17083	48	328	328	NORM	PA_E	8	0
20131206-130003	15525	951137	4508625	1759832	2748793	1421203	20456	0	0	0	0	0	0	0	0	1	1	1	0	1	0	0	0	135	0	0	0	0	0	0	0	17088	45	302	302	NORM	PA_E	8	0
20131206-130007	15525	951137	4508625	1759832	2748793	1421204	20456	0	0	0	0	0	0	0	0	1	1	1	0	1	0	0	0	135	0	0	0	0	0	0	0	17090	46	319	319	NORM	PA_E	8	0
20131206-130011	15525	951137	4508625	1759832	2748793	1421204	20456	0	0	0	0	0	0	0	0	1	1	1	0	1	0	0	0	135	0	0	0	0	0	0	0	17070	49	337	337	NORM	PA_E	8	0
20131206-130015	15525	951137	4508625	1759832	2748793	1421204	20456	0	0	0	0	0	0	0	0	1	1	1	0	1	0	0	0	135	0	0	0	0	0	0	0	17076	49	337	337	NORM	PA_E	8	0
20131206-130018	15525	951137	4508625	1759832	2748793	1421204	20456	0	0	0	0	0	0	0	0	1	1	1	0	1	0	0	0	135	0	0	0	0	0	0	0	17075	49	337	337	NORM	PA_E	8	0
20131206-130022	15525	951137	4508625	1759832	2748793	1421204	20456	0	0	0	0	0	0	0	0	1	1	1	0	1	0	0	0	135	0	64469	0	5718	0	63336	63348	17097	689	4612	4612	NORM	PA_E	8	0
20131206-130026	15525	951137	4508625	1759832	2748793	1421204	20456	0	0	0	0	0	0	0	0	1	1	1	0	1	0	0	0	135	0	64456	0	5718	0	63326	63346	17105	662	4372	4355	NORM	PA_E	8	0
20131206-130029	15525	951137	4508625	1759832	2748793	1421204	20456	0	0	0	0	0	0	0	0	1	1	1	0	1	0	0	0	135	0	64456	0	5718	0	63332	63358	17093	609	4017	4017	NORM	PA_E	8	0
20131206-130033	15525	951137	4508625	1759832	2748793	1421204	20456	0	0	0	0	0	0	0	0	1	1	1	0	1	0	0	0	135	0	64615	0	4433	0	63831	63855	17091	451	2835	2835	NORM	PA_E	8	0
20131206-130037	15525	951137	4508625	1759832	2748793	1421204	20456	0	0	0	0	0	0	0	0	1	1	1	0	1	0	0	0	135	0	64991	0	2891	0	64400	64378	17084	251	1653	1653	NORM	PA_E	8	0
20131206-130041	15525	951137	4508625	1759832	2748793	1421204	20456	0	0	0	0	0	0	0	0	1	1	1	0	1	0	0	0	135	0	64456	0	5718	0	63194	63207	17109	512	3421	3421	NORM	PA_E	8	0
20131206-130044	15525	951137	4508625	1759832	2748793	1421204	20456	0	0	0	0	0	0	0	0	1	1	1	0	1	0	0	0	135	0	64225	0	7196	0	62629	62503	17097	599	4097	4097	NORM	PA_E	8	0
20131206-130048	15525	951137	4508625	1759832	2748793	1421205	20456	0	0	0	0	0	0	0	0	1	1	1	0	1	0	0	0	135	0	63849	0	8995	0	62045	62036	17099	626	4150	4150	NORM	PA_E	8	0
20131206-130052	15525	951137	4508625	1759832	2748793	1421205	20456	0	0	0	0	0	0	0	0	1	1	1	0	1	0	0	0	135	0	63120	0	12785	0	60490	60444	17093	700	4675	4675	NORM	PA_E	8	0
20131206-130056	15525	951137	4508625	1759832	2748793	1421205	20456	0	0	0	0	0	0	0	1	1	1	1	0	1	0	0	0	135	0	62745	0	14713	0	59967	59923	17081	554	3590	3484	NORM	PA_E	8	0
20131206-130059	15525	951137	4508625	1759841	2748793	1421205	20456	0	0	0	0	0	0	0	1	1	1	1	0	1	0	0	0	135	0	62660	0	15227	0	59725	59735	17067	276	1777	1777	NORM	PA_E	8	0
20131206-130103	15525	951137	4508625	1759841	2748784	1421205	20456	0	0	0	0	0	0	0	1	1	1	1	0	1	0	0	0	135	0	63910	0	8095	7388	65535	65529	17054	45	319	337	NORM	PA_E	8	0
20131206-130107	15525	951137	4508625	1759841	2748784	1421205	20456	0	0	0	0	0	0	0	1	1	1	1	0	1	1	0	0	135	0	64469	0	5654	5461	0	0	17051	51	346	346	NORM	PA_E	8	0
20131206-130110	15525	951137	4508625	1759841	2748784	1421205	20456	0	0	0	0	0	0	0	1	1	1	1	1	1	1	0	0	134	0	63933	0	8545	8545	0	0	17049	48	328	328	NORM	CH_I	9	0
20131206-130114	15525	951137	4508625	1759841	2748784	1421205	20456	0	0	0	0	0	0	0	1	1	1	1	1	1	1	0	0	134	0	63909	0	8673	8673	0	0	17040	48	328	328	NORM	CH_E	9	0
20131206-130118	15525	951137	4508625	1759841	2748784	1421205	20456	0	0	0	0	0	0	0	1	1	1	1	1	1	1	0	0	134	0	63909	0	8673	8673	0	0	17055	48	328	328	NORM	CH_E	9	0
20131206-130121	15525	951137	4508625	1759841	2748784	1421205	20456	0	0	0	0	0	0	0	1	1	1	1	1	1	1	0	0	133	0	63909	0	8738	8673	0	0	17049	52	355	355	NORM	CH_E	9	0
20131206-130125	15525	951137	4508625	1759841	2748784	1421205	20456	0	0	0	0	0	0	0	1	1	1	1	1	1	0	0	0	133	0	63921	0	8673	8673	0	0	17054	57	382	382	NORM	CH_E	9	0
20131206-130129	15525	951137	4508625	1759841	2748784	1421205	20456	0	0	0	0	0	0	0	1	1	1	1	1	1	0	0	0	133	0	63921	0	8673	8673	0	0	17061	57	382	382	NORM	CH_E	9	0
20131206-130132	15525	951137	4508625	1759841	2748784	1421205	20456	0	0	0	0	0	0	0	1	1	1	1	1	1	0	0	0	133	0	63921	0	8673	8673	0	0	17048	50	346	346	NORM	CH_E	9	0
20131206-130136	15525	951137	4508625	1759841	2748784	1421205	20456	0	0	0	0	0	0	0	1	1	1	1	1	1	0	0	0	133	0	64399	2050	8545	8545	1413	1676	17045	63	479	479	NORM	CH_E	9	0
20131206-130140	15525	951137	4508625	1759841	2748784	1421205	20456	0	0	0	0	0	0	0	1	1	1	1	0	1	0	0	0	133	0	1785	8054	0	0	3576	3569	17040	181	1235	1235	NORM	PA_I	9	0
20131206-130144	15525	951137	4508625	1759841	2748784	1421205	20456	0	0	0	0	0	0	0	1	1	1	1	0	1	0	0	0	133	0	2263	10209	0	0	4583	4534	17034	434	2897	2897	NORM	PA_E	9	0
20131206-130147	15525	951137	4508625	1759841	2748784	1421205	20456	0	0	0	0	0	0	0	1	1	1	1	0	1	0	0	0	133	0	2775	12521	0	0	5548	5547	17014	828	5572	5759	NORM	PA_E	9	0
20131206-130151	15525	951137	4508625	1759841	2748784	1421205	20456	0	0	0	0	0	0	0	1	1	1	1	0	1	0	0	0	133	0	2522	15404	0	0	4897	5016	16990	1060	7074	7074	NORM	PA_E	9	0
20131206-130155	15525	951137	4508625	1759841	2748784	1421205	20456	0	0	0	0	0	0	0	0	1	1	1	0	1	0	0	0	133	0	2086	16429	0	0	4134	4119	17011	1097	7261	7261	NORM	PA_E	9	0
20131206-130158	15525	951137	4508625	1759841	2748784	1421205	20456	0	0	0	0	0	0	0	0	1	1	1	0	1	0	0	0	133	0	1773	16404	0	0	3488	3490	17018	1075	7110	7110	NORM	PA_E	9	0
20131206-130202	15525	951137	4508632	1759842	2748790	1421205	20456	0	0	0	0	0	0	0	0	1	1	1	0	1	0	0	0	133	0	1554	16346	0	0	3090	3069	17042	1067	7083	7083	NORM	PA_E	9	0
20131206-130206	15525	951137	4508632	1759842	2748790	1421205	20456	0	0	0	0	0	0	0	0	1	1	1	0	1	0	0	0	133	0	1405	16346	0	0	2795	2800	17024	1063	7074	7074	NORM	PA_E	9	0
20131206-130209	15525	951137	4508632	1759842	2748790	1421205	20456	0	0	0	0	0	0	0	0	1	1	1	0	1	0	0	0	133	0	1060	13277	0	0	2102	2107	17021	859	5715	5715	NORM	PA_E	9	0
20131206-130213	15525	951137	4508632	1759842	2748790	1421205	20456	0	0	0	0	0	0	0	0	1	1	1	0	1	0	0	0	133	0	1037	13704	0	0	2073	2066	17025	883	5866	5866	NORM	PA_E	9	0
20131206-130217	15525	951137	4508632	1759842	2748790	1421205	20456	0	0	0	0	0	0	0	0	1	1	1	0	1	0	0	0	133	0	1008	14067	0	0	2034	2061	17033	888	5901	5901	NORM	PA_E	9	0
20131206-130221	15525	951137	4508632	1759842	2748790	1421205	20456	0	0	0	0	0	0	0	0	1	1	1	0	1	0	0	0	133	0	982	14326	0	0	1957	1960	17027	900	5972	5972	NORM	PA_E	9	0
20131206-130224	15525	951137	4508632	1759842	2748790	1421205	20456	0	0	0	0	0	0	0	0	1	1	1	0	1	0	0	0	133	0	730	11050	0	0	1457	1382	17026	697	4541	4346	NORM	PA_E	9	0
20131206-130228	15525	951137	4508632	1759842	2748790	1421205	20456	0	0	0	0	0	0	0	0	1	1	1	0	1	0	0	0	133	0	521	8041	0	0	1048	1045	17042	537	3519	3519	NORM	PA_E	9	0
20131206-130232	15525	951137	4508632	1759842	2748790	1421206	20456	0	0	0	0	0	0	0	0	1	1	1	0	1	0	0	0	133	0	503	7816	0	0	1006	1049	17063	492	3261	3306	NORM	PA_E	9	0
20131206-130235	15525	951137	4508632	1759842	2748790	1421206	20456	0	0	0	0	0	0	0	0	1	1	1	0	1	0	0	0	133	0	529	8277	0	0	1001	1058	17052	513	3386	3386	NORM	PA_E	9	0
20131206-130239	15525	951137	4508632	1759842	2748790	1421206	20456	0	0	0	0	0	0	0	0	1	1	1	0	1	0	0	0	133	0	382	6009	0	0	765	762	17048	381	2524	2524	NORM	PA_E	9	0
20131206-130243	15525	951137	4508632	1759842	2748790	1421206	20456	0	0	0	0	0	0	0	0	1	1	1	0	1	0	0	0	133	0	363	5761	0	0	722	726	17052	376	2488	2488	NORM	PA_E	9	0
20131206-130246	15525	951137	4508632	1759842	2748790	1421206	20456	0	0	0	0	0	0	0	0	1	1	1	0	1	0	0	0	133	0	351	5659	0	0	697	700	17046	373	2470	2488	NORM	PA_E	9	0
20131206-130250	15525	951137	4508632	1759842	2748790	1421206	20456	0	0	0	0	0	0	0	0	1	1	1	0	1	0	0	0	133	0	344	5641	0	0	685	693	17052	371	2444	2444	NORM	PA_E	9	0
20131206-130254	15525	951137	4508632	1759842	2748790	1421206	20456	0	0	0	0	0	0	0	0	1	1	1	0	1	0	0	0	133	0	313	5238	0	0	622	685	17049	349	2310	2399	NORM	PA_E	9	0
20131206-130258	15525	951137	4508632	1759842	2748790	1421206	20456	0	0	0	0	0	0	0	0	1	1	1	0	1	0	0	0	133	0	340	5733	0	0	675	686	17067	380	2524	2524	NORM	PA_E	9	0
20131206-130301	15525	951137	4508649	1759842	2748807	1421206	20456	0	0	0	0	0	0	0	0	1	1	1	0	1	0	0	0	133	0	341	5751	0	0	617	630	17067	368	2426	2355	NORM	PA_E	9	0
20131206-130305	15525	951137	4508649	1759842	2748807	1421206	20456	0	0	0	0	0	0	0	0	1	1	1	0	1	0	0	0	133	0	64244	0	6939	0	62889	62876	17133	832	5946	5946	NORM	PA_E	9	0
20131206-130309	15525	951137	4508649	1759842	2748807	1421207	20456	0	0	0	0	0	0	0	0	1	1	1	0	1	0	0	0	133	0	65214	0	1285	0	0	65526	17093	146	568	568	NORM	PA_E	9	0
20131206-130312	15525	951137	4508649	1759842	2748807	1421207	20456	0	0	0	0	0	0	0	0	1	1	1	0	1	0	0	0	133	0	192	2985	0	0	475	499	17073	207	1395	1564	NORM	PA_E	9	0
20131206-130316	15525	951137	4508649	1759842	2748807	1421207	20456	0	0	0	0	0	0	0	0	1	1	1	0	1	0	0	0	133	0	151	2339	0	0	304	303	17085	201	1226	1226	NORM	PA_E	9	0
20131206-130320	15525	951137	4508649	1759842	2748807	1421207	20456	0	0	0	0	0	0	0	0	1	1	1	0	1	0	0	0	133	0	20	318	0	0	42	38	17088	53	346	346	NORM	PA_E	9	0
20131206-130324	15525	951137	4508649	1759842	2748807	1421207	20456	0	0	0	0	0	0	0	0	1	1	1	0	1	0	0	0	133	0	47	782	0	0	104	101	17085	79	542	542	NORM	PA_E	9	0
20131206-130327	15525	951137	4508649	1759842	2748807	1421207	20456	0	0	0	0	0	0	0	0	1	1	1	0	1	0	0	0	133	0	66	996	0	0	134	137	17072	93	631	622	NORM	PA_E	9	0
20131206-130331	15525	951137	4508649	1759842	2748807	1421207	20456	0	0	0	0	0	0	0	0	1	1	1	0	1	0	0	0	133	0	313	4671	0	0	655	648	17064	306	2062	2062	NORM	PA_E	9	0
20131206-130335	15525	951137	4508649	1759842	2748807	1421207	20456	0	0	0	0	0	0	0	0	1	1	1	0	1	0	0	0	133	0	258	3845	0	0	443	438	17072	240	1617	1617	NORM	PA_E	9	0
20131206-130338	15525	951137	4508649	1759842	2748807	1421207	20456	0	0	0	0	0	0	0	0	1	1	1	0	1	0	0	0	133	0	160	2364	0	0	318	324	17067	171	1146	1146	NORM	PA_E	9	0
20131206-130342	15525	951137	4508649	1759842	2748807	1421207	20456	0	0	0	0	0	0	0	0	1	1	1	0	1	0	0	0	133	0	177	2581	0	0	354	358	17057	186	1253	1253	NORM	PA_E	9	0
20131206-130346	15525	951137	4508649	1759842	2748807	1421208	20456	0	0	0	0	0	0	0	0	1	1	1	0	1	0	0	0	133	0	178	2587	0	0	357	357	17069	186	1235	1235	NORM	PA_E	9	0
20131206-130350	15525	951137	4508649	1759842	2748807	1421208	20456	0	0	0	0	0	0	0	0	1	1	1	0	1	0	0	0	133	0	288	4198	0	0	577	572	16997	282	1884	1884	NORM	PA_E	9	0
20131206-130353	15525	951137	4508649	1759842	2748807	1421208	20456	0	0	0	0	0	0	0	0	1	1	1	0	1	0	0	0	133	0	393	5759	0	0	786	788	16994	386	2550	2559	NORM	PA_E	9	0
20131206-130357	15525	951137	4508649	1759842	2748807	1421208	20456	0	0	0	0	0	0	0	0	1	1	1	0	1	0	0	0	133	0	200	2947	0	0	394	393	17066	222	1448	1448	NORM	PA_E	9	0
20131206-130401	15525	951137	4508655	1759843	2748812	1421208	20456	0	0	0	0	0	0	0	0	1	1	1	0	1	0	0	0	133	0	201	2884	0	0	393	400	16975	218	1439	1448	NORM	PA_E	9	0
20131206-130404	15525	951137	4508655	1759843	2748812	1421208	20456	0	0	0	0	0	0	0	0	1	1	1	0	1	0	0	0	133	0	379	5507	0	0	765	760	17036	356	2382	2382	NORM	PA_E	9	0
20131206-130408	15525	951137	4508655	1759843	2748812	1421208	20456	0	0	0	0	0	0	0	0	1	1	1	0	1	0	0	0	133	0	403	5897	0	0	807	811	17003	393	2613	2613	NORM	PA_E	9	0
20131206-130412	15525	951137	4508655	1759843	2748812	1421208	20456	0	0	0	0	0	0	0	0	1	1	1	0	1	0	0	0	133	0	324	4762	0	0	560	560	17043	308	2026	2026	NORM	PA_E	9	0
20131206-130415	15525	951137	4508655	1759843	2748812	1421208	20456	0	0	0	0	0	0	0	0	1	1	1	0	1	0	0	0	133	0	200	2936	0	0	399	405	17019	217	1448	1439	NORM	PA_E	9	0
20131206-130419	15525	951137	4508655	1759843	2748812	1421208	20456	0	0	0	0	0	0	0	0	1	1	1	0	1	0	0	0	133	0	184	2673	0	0	369	374	17033	203	1342	1342	NORM	PA_E	9	0
20131206-130423	15525	951137	4508655	1759843	2748812	1421209	20456	0	0	0	0	0	0	0	0	1	1	1	0	1	0	0	0	133	0	92	1324	0	0	188	187	17031	123	817	808	NORM	PA_E	9	0
20131206-130427	15525	951137	4508655	1759843	2748812	1421209	20456	0	0	0	0	0	0	0	0	1	1	1	0	1	0	0	0	133	0	3	45	0	0	10	6	17040	43	293	293	NORM	PA_E	9	0
20131206-130430	15525	951137	4508655	1759843	2748812	1421209	20456	0	0	0	0	0	0	0	0	1	1	1	0	1	0	0	0	133	0	0	0	0	0	0	0	17055	30	204	204	NORM	PA_E	9	0
20131206-130434	15525	951137	4508655	1759843	2748812	1421209	20456	0	0	0	0	0	0	0	0	1	1	1	0	1	0	0	0	133	0	0	0	0	0	0	0	17039	26	195	195	NORM	PA_E	9	0
20131206-130438	15525	951137	4508655	1759843	2748812	1421209	20456	0	0	0	0	0	0	0	0	1	1	1	0	1	0	0	0	133	0	64878	0	3533	0	64112	64120	17085	382	2657	2657	NORM	PA_E	9	0
20131206-130442	15525	951137	4508655	1759843	2748812	1421209	20456	0	0	0	0	0	0	0	0	1	1	1	0	1	0	0	0	133	0	64424	0	5975	0	63243	63295	17084	624	4124	4124	NORM	PA_E	9	0
20131206-130445	15525	951137	4508655	1759843	2748812	1421209	20456	0	0	0	0	0	0	0	0	1	1	1	0	1	0	0	0	133	0	64160	0	7260	0	62795	62810	17084	700	4648	4604	NORM	PA_E	9	0
20131206-130449	15525	951137	4508655	1759843	2748812	1421209	20456	0	0	0	0	0	0	0	0	1	1	1	0	1	0	0	0	133	0	63896	0	8802	0	62168	62096	17080	750	5004	5004	NORM	PA_E	9	0
20131206-130453	15525	951137	4508655	1759843	2748812	1421209	20456	0	0	0	0	0	0	0	0	1	1	1	0	1	0	0	0	133	0	63837	0	9123	0	62368	62356	17072	627	4141	4141	NORM	PA_E	9	0
20131206-130456	15525	951137	4508655	1759843	2748812	1421209	20456	0	0	0	0	0	0	0	0	1	1	1	0	1	0	0	0	133	0	64040	0	8031	0	62546	62513	17070	494	3261	3226	NORM	PA_E	9	0
20131206-130500	15525	951137	4508655	1759848	2748812	1421209	20456	0	0	0	0	0	0	0	0	1	1	1	0	1	0	0	0	133	0	64113	0	7645	0	62642	62655	17067	386	2515	2515	NORM	PA_E	9	0
20131206-130504	15525	951137	4508659	1759848	2748811	1421209	20456	0	0	0	0	0	0	0	1	1	1	1	0	1	0	0	0	133	0	63489	0	10986	0	61240	61163	17090	441	2915	2915	NORM	PA_E	9	0
20131206-130508	15525	951137	4508659	1759848	2748811	1421209	20456	0	0	0	0	0	0	0	1	1	1	1	0	1	0	0	0	133	0	63214	0	12657	0	60756	60759	17046	312	2026	2026	NORM	PA_E	9	0
20131206-130511	15525	951137	4508659	1759848	2748811	1421209	20456	0	0	0	0	0	0	0	1	1	1	1	0	1	0	0	0	133	0	62483	0	16384	2248	61636	61599	17040	89	506	506	NORM	PA_E	9	0
20131206-130515	15525	951137	4508659	1759848	2748811	1421209	20456	0	0	0	0	0	0	0	1	1	1	1	0	1	1	0	0	132	0	64842	0	3405	3405	0	0	17060	24	159	159	NORM	PA_E	9	0
20131206-130519	15525	951137	4508659	1759848	2748811	1421209	20456	0	0	0	0	0	0	0	1	1	1	1	1	1	1	0	0	132	0	63944	0	8609	8609	0	0	17082	28	204	204	NORM	CH_I	10	0
20131206-130522	15525	951137	4508659	1759848	2748811	1421209	20456	0	0	0	0	0	0	0	1	1	1	1	1	1	1	0	0	132	0	63944	0	8609	8673	0	0	17052	36	257	257	NORM	CH_E	10	0
20131206-130526	15525	951137	4508659	1759848	2748811	1421209	20456	0	0	0	0	0	0	0	1	1	1	1	1	1	1	0	0	131	0	63944	0	8673	8673	0	0	17061	38	266	266	NORM	CH_E	10	0
20131206-130530	15525	951137	4508659	1759848	2748811	1421209	20456	0	0	0	0	0	0	0	1	1	1	1	1	1	1	0	0	131	0	63944	0	8673	8673	0	0	17075	36	239	239	NORM	CH_E	10	0
20131206-130534	15525	951137	4508659	1759848	2748811	1421209	20456	0	0	0	0	0	0	0	1	1	1	1	1	1	1	0	0	131	0	63944	0	8673	8738	0	0	17063	29	204	204	NORM	CH_E	10	0
20131206-130537	15525	951137	4508659	1759848	2748811	1421209	20456	0	0	0	0	0	0	0	1	1	1	1	1	1	1	0	0	131	0	63944	0	8673	8673	0	0	17079	29	204	204	NORM	CH_E	10	0
20131206-130541	15525	951137	4508659	1759848	2748811	1421209	20456	0	0	0	0	0	0	0	1	1	1	1	1	1	1	0	0	131	0	63955	0	8738	8738	0	0	17069	32	222	222	NORM	CH_E	10	0
20131206-130545	15525	951137	4508659	1759848	2748811	1421209	20456	0	0	0	0	0	0	0	1	1	1	1	1	1	0	0	0	131	0	63944	0	8673	8673	0	0	17058	33	222	222	NORM	CH_E	10	0
20131206-130548	15525	951137	4508659	1759848	2748811	1421209	20456	0	0	0	0	0	0	0	1	1	1	1	1	1	0	0	0	131	0	63944	0	8738	8738	0	0	17063	24	168	168	NORM	CH_E	10	0
20131206-130552	15525	951137	4508659	1759848	2748811	1421209	20456	0	0	0	0	0	0	0	1	1	1	1	1	1	0	0	0	131	0	63931	0	8738	8738	2	1	17043	30	231	231	NORM	CH_E	10	0
20131206-130556	15525	951137	4508659	1759848	2748811	1421209	20456	0	0	0	0	0	0	0	1	1	1	1	0	1	0	0	0	130	0	1797	8279	0	0	3598	3596	17045	138	995	995	NORM	PA_I	10	0
20131206-130559	15525	951137	4508659	1759848	2748811	1421209	20456	0	0	0	0	0	0	0	1	1	1	1	0	1	0	0	0	130	0	2092	9659	0	0	4237	4234	17052	356	2408	2408	NORM	PA_E	10	0
20131206-130603	15525	951137	4508659	1759851	2748808	1421209	20456	0	0	0	0	0	0	0	1	1	1	1	0	1	0	0	0	130	0	2167	10015	0	0	4341	4336	17058	582	3981	3981	NORM	PA_E	10	0
20131206-130607	15525	951137	4508659	1759851	2748808	1421209	20456	0	0	0	0	0	0	0	1	1	1	1	0	1	0	0	0	130	0	1905	10375	0	0	3546	3552	17072	689	4541	4541	NORM	PA_E	10	0
20131206-130611	15525	951137	4508659	1759851	2748808	1421209	20456	0	0	0	0	0	0	0	1	1	1	1	0	1	0	0	0	130	0	1652	10916	0	0	3249	3241	17067	712	4764	4764	NORM	PA_E	10	0
20131206-130614	15525	951137	4508659	1759851	2748808	1421210	20456	0	0	0	0	0	0	0	0	1	1	1	0	1	0	0	0	130	0	1507	11804	0	0	3013	2980	17048	757	5004	5004	NORM	PA_E	10	0
20131206-130618	15525	951137	4508659	1759851	2748808	1421210	20456	0	0	0	0	0	0	0	0	1	1	1	0	1	0	0	0	130	0	1421	12707	0	0	2797	2841	17052	813	5359	5359	NORM	PA_E	10	0
20131206-130622	15525	951137	4508659	1759851	2748808	1421210	20456	0	0	0	0	0	0	0	0	1	1	1	0	1	0	0	0	130	0	1303	12983	0	0	2607	2571	17046	821	5430	5430	NORM	PA_E	10	0
20131206-130625	15525	951137	4508659	1759851	2748808	1421210	20456	0	0	0	0	0	0	0	0	1	1	1	0	1	0	0	0	130	0	1148	12524	0	0	2280	2286	17037	798	5270	5270	NORM	PA_E	10	0
20131206-130629	15525	951137	4508659	1759851	2748808	1421210	20456	0	0	0	0	0	0	0	0	1	1	1	0	1	0	0	0	130	0	987	11573	0	0	1964	1856	17036	727	4826	4666	NORM	PA_E	10	0
20131206-130633	15525	951137	4508659	1759851	2748808	1421210	20456	0	0	0	0	0	0	0	0	1	1	1	0	1	0	0	0	130	0	786	9866	0	0	1565	1565	17055	620	4106	4106	NORM	PA_E	10	0
20131206-130636	15525	951137	4508659	1759851	2748808	1421210	20456	0	0	0	0	0	0	0	0	1	1	1	0	1	0	0	0	130	0	665	8848	0	0	1321	1337	17052	558	3688	3706	NORM	PA_E	10	0
20131206-130640	15525	951137	4508659	1759851	2748808	1421210	20456	0	0	0	0	0	0	0	0	1	1	1	0	1	0	0	0	130	0	398	5577	0	0	760	779	17066	368	2408	2408	NORM	PA_E	10	0
20131206-130644	15525	951137	4508659	1759851	2748808	1421210	20456	0	0	0	0	0	0	0	0	1	1	1	0	1	0	0	0	130	0	352	5093	0	0	702	702	17076	335	2204	2186	NORM	PA_E	10	0
20131206-130648	15525	951137	4508659	1759851	2748808	1421210	20456	0	0	0	0	0	0	0	0	1	1	1	0	1	0	0	0	130	0	158	2340	0	0	323	324	17043	150	1022	1022	NORM	PA_E	10	0
20131206-130651	15525	951137	4508659	1759851	2748808	1421210	20456	0	0	0	0	0	0	0	0	1	1	1	0	1	0	0	0	130	0	133	199	0	0	16	0	17060	129	542	542	NORM	PA_E	10	0
20131206-130655	15525	951137	4508659	1759851	2748808	1421210	20456	0	0	0	0	0	0	0	0	1	1	1	0	1	0	0	0	130	0	0	0	0	0	0	0	17057	31	222	222	NORM	PA_E	10	0
20131206-130659	15525	951137	4508659	1759851	2748808	1421210	20456	0	0	0	0	0	0	0	0	1	1	1	0	1	0	0	0	130	0	0	0	0	0	0	0	17061	17	124	124	NORM	PA_E	10	0
20131206-130703	15525	951137	4508672	1759851	2748821	1421211	20456	0	0	0	0	0	0	0	0	1	1	1	0	1	0	0	0	130	0	0	0	0	0	0	0	17073	15	133	133	NORM	PA_E	10	0
20131206-130706	15525	951137	4508672	1759851	2748821	1421211	20456	0	0	0	0	0	0	0	0	1	1	1	0	1	0	0	0	130	0	0	0	0	0	0	0	17084	15	133	133	NORM	PA_E	10	0
20131206-130710	15525	951137	4508672	1759851	2748821	1421211	20456	0	0	0	0	0	0	0	0	1	1	1	0	1	0	0	0	130	0	0	0	0	0	0	0	17031	24	177	177	NORM	PA_E	10	0
20131206-130714	15525	951137	4508672	1759851	2748821	1421211	20456	0	0	0	0	0	0	0	0	1	1	1	0	1	0	0	0	130	0	187	2500	0	0	382	387	17111	151	1102	1102	NORM	PA_E	10	0
20131206-130717	15525	951137	4508672	1759851	2748821	1421211	20456	0	0	0	0	0	0	0	0	1	1	1	0	1	0	0	0	130	0	393	5210	0	0	786	789	17082	340	2257	2257	NORM	PA_E	10	0
20131206-130721	15525	951137	4508672	1759851	2748821	1421211	20456	0	0	0	0	0	0	0	0	1	1	1	0	1	0	0	0	130	0	656	9043	0	0	1398	1396	17052	570	3839	3839	NORM	PA_E	10	0
20131206-130725	15525	951137	4508672	1759851	2748821	1421211	20456	0	0	0	0	0	0	0	0	1	1	1	0	1	0	0	0	130	0	693	9310	0	0	1374	1377	17055	600	3973	3973	NORM	PA_E	10	0
20131206-130729	15525	951137	4508672	1759851	2748821	1421211	20456	0	0	0	0	0	0	0	0	1	1	1	0	1	0	0	0	130	0	681	9253	0	0	1374	1374	17049	599	3990	3990	NORM	PA_E	10	0
20131206-130732	15525	951137	4508672	1759851	2748821	1421211	20456	0	0	0	0	0	0	0	0	1	1	1	0	1	0	0	0	130	0	634	8724	0	0	1276	1262	17079	567	3759	3759	NORM	PA_E	10	0
20131206-130736	15525	951137	4508672	1759851	2748821	1421211	20456	0	0	0	0	0	0	0	0	1	1	1	0	1	0	0	0	130	0	0	3	0	0	1	4	17069	51	319	319	NORM	PA_E	10	0
20131206-130740	15525	951137	4508672	1759851	2748821	1421211	20456	0	0	0	0	0	0	0	0	1	1	1	0	1	0	0	0	130	0	0	0	0	0	0	0	17066	33	222	231	NORM	PA_E	10	0
20131206-130743	15525	951137	4508672	1759851	2748821	1421212	20456	0	0	0	0	0	0	0	0	1	1	1	0	1	0	0	0	130	0	0	0	0	0	0	0	17075	33	222	222	NORM	PA_E	10	0
20131206-130747	15525	951137	4508672	1759851	2748821	1421212	20456	0	0	0	0	0	0	0	0	1	1	1	0	1	0	0	0	130	0	0	0	0	0	0	0	17061	33	222	222	NORM	PA_E	10	0
20131206-130751	15525	951137	4508672	1759851	2748821	1421212	20456	0	0	0	0	0	0	0	0	1	1	1	0	1	0	0	0	130	0	0	0	0	0	0	0	17060	37	257	266	NORM	PA_E	10	0
20131206-130755	15525	951137	4508672	1759851	2748821	1421212	20456	0	0	0	0	0	0	0	0	1	1	1	0	1	0	0	0	130	0	0	0	0	0	0	0	17054	36	239	239	NORM	PA_E	10	0
20131206-130758	15525	951137	4508672	1759851	2748821	1421212	20456	0	0	0	0	0	0	0	0	1	1	1	0	1	0	0	0	130	0	0	0	0	0	0	0	17061	35	239	239	NORM	PA_E	10	0
20131206-130802	15525	951137	4508678	1759851	2748827	1421212	20456	0	0	0	0	0	0	0	0	1	1	1	0	1	0	0	0	130	0	0	0	0	0	0	0	17025	36	239	239	NORM	PA_E	10	0
20131206-130806	15525	951137	4508678	1759851	2748827	1421212	20456	0	0	0	0	0	0	0	0	1	1	1	0	1	0	0	0	130	0	0	0	0	0	0	0	17091	36	239	239	NORM	PA_E	10	0
20131206-130810	15525	951137	4508678	1759851	2748827	1421212	20456	0	0	0	0	0	0	0	0	1	1	1	0	1	0	0	0	130	0	0	0	0	0	0	0	17075	37	257	257	NORM	PA_E	10	0
20131206-130813	15525	951137	4508678	1759851	2748827	1421212	20456	0	0	0	0	0	0	0	0	1	1	1	0	1	0	0	0	130	0	0	0	0	0	0	0	17063	36	248	248	NORM	PA_E	10	0
20131206-130817	15525	951137	4508678	1759851	2748827	1421212	20456	0	0	0	0	0	0	0	0	1	1	1	0	1	0	0	0	130	0	130	1807	0	0	253	261	17048	152	1013	1013	NORM	PA_E	10	0
20131206-130821	15525	951137	4508678	1759851	2748827	1421212	20456	0	0	0	0	0	0	0	0	1	1	1	0	1	0	0	0	130	0	209	2902	0	0	418	424	17094	207	1377	1377	NORM	PA_E	10	0
20131206-130824	15525	951137	4508678	1759851	2748827	1421213	20456	0	0	0	0	0	0	0	0	1	1	1	0	1	0	0	0	130	0	408	5640	0	0	817	825	17063	364	2435	2435	NORM	PA_E	10	0
20131206-130828	15525	951137	4508678	1759851	2748827	1421213	20456	0	0	0	0	0	0	0	0	1	1	1	0	1	0	0	0	130	0	407	5612	0	0	829	815	17054	366	2444	2444	NORM	PA_E	10	0
20131206-130832	15525	951137	4508678	1759851	2748827	1421213	20456	0	0	0	0	0	0	0	0	1	1	1	0	1	0	0	0	130	0	580	7835	0	0	1021	928	17020	519	3119	3119	NORM	PA_E	10	0
20131206-130835	15525	951137	4508678	1759851	2748827	1421213	20456	0	0	0	0	0	0	0	0	1	1	1	0	1	0	0	0	130	0	328	4522	0	0	670	661	17036	297	1964	1964	NORM	PA_E	10	0
20131206-130839	15525	951137	4508678	1759851	2748827	1421213	20456	0	0	0	0	0	0	0	0	1	1	1	0	1	0	0	0	130	0	344	4770	0	0	704	704	17099	277	1893	1955	NORM	PA_E	10	0
20131206-130843	15525	951137	4508678	1759851	2748827	1421213	20456	0	0	0	0	0	0	0	0	1	1	1	0	1	0	0	0	130	0	355	4778	0	0	713	709	17073	307	2044	2044	NORM	PA_E	10	0
20131206-130847	15525	951137	4508678	1759851	2748827	1421213	20456	0	0	0	0	0	0	0	0	1	1	1	0	1	0	0	0	130	0	359	4747	0	0	716	715	17008	307	2044	2044	NORM	PA_E	10	0
20131206-130850	15525	951137	4508678	1759851	2748827	1421213	20456	0	0	0	0	0	0	0	0	1	1	1	0	1	0	0	0	130	0	583	7722	0	0	1194	1203	17061	497	3288	3288	NORM	PA_E	10	0
20131206-130854	15525	951137	4508678	1759851	2748827	1421213	20456	0	0	0	0	0	0	0	0	1	1	1	0	1	0	0	0	130	0	649	8648	0	0	1295	1298	17073	547	3635	3635	NORM	PA_E	10	0
20131206-130858	15525	951137	4508678	1759851	2748827	1421213	20456	0	0	0	0	0	0	0	0	1	1	1	0	1	0	0	0	130	0	694	9312	0	0	1390	1388	17052	579	3866	3866	NORM	PA_E	10	0
20131206-130901	15525	951137	4508685	1759851	2748834	1421213	20456	0	0	0	0	0	0	0	0	1	1	1	0	1	0	0	0	130	0	674	9124	0	0	1315	1297	17069	611	3706	3706	NORM	PA_E	10	0
20131206-130905	15525	951137	4508685	1759851	2748834	1421214	20456	0	0	0	0	0	0	0	0	1	1	1	0	1	0	0	0	130	0	329	4559	0	0	658	653	17064	309	2017	2017	NORM	PA_E	10	0
20131206-130909	15525	951137	4508685	1759851	2748834	1421214	20456	0	0	0	0	0	0	0	0	1	1	1	0	1	0	0	0	130	0	207	2858	0	0	408	407	17054	199	1297	1297	NORM	PA_E	10	0
20131206-130912	15525	951137	4508685	1759851	2748834	1421214	20456	0	0	0	0	0	0	0	0	1	1	1	0	1	0	0	0	130	0	0	0	0	0	1	0	17058	30	213	213	NORM	PA_E	10	0
20131206-130916	15525	951137	4508685	1759851	2748834	1421214	20456	0	0	0	0	0	0	0	0	1	1	1	0	1	0	0	0	130	0	0	0	0	0	0	0	17072	12	133	133	NORM	PA_E	10	0
20131206-130920	15525	951137	4508685	1759851	2748834	1421214	20456	0	0	0	0	0	0	0	0	1	1	1	0	1	0	0	0	130	0	65432	0	578	0	65311	65309	17051	45	275	266	NORM	PA_E	10	0
20131206-130924	15525	951137	4508685	1759851	2748834	1421214	20456	0	0	0	0	0	0	0	0	1	1	1	0	1	0	0	0	130	0	64658	0	5075	0	63560	63559	17067	492	3386	3386	NORM	PA_E	10	0
20131206-130927	15525	951137	4508685	1759851	2748834	1421214	20456	0	0	0	0	0	0	0	0	1	1	1	0	1	0	0	0	130	0	64154	0	7260	0	63089	63086	17072	638	4168	4168	NORM	PA_E	10	0
20131206-130931	15525	951137	4508685	1759851	2748834	1421214	20456	0	0	0	0	0	0	0	0	1	1	1	0	1	0	0	0	130	0	64611	0	5397	0	63107	63128	17070	456	3253	3253	NORM	PA_E	10	0
20131206-130935	15525	951137	4508685	1759851	2748834	1421214	20456	0	0	0	0	0	0	0	0	1	1	1	0	1	0	0	0	130	0	64049	0	8673	0	62097	62049	17060	658	4364	4470	NORM	PA_E	10	0
20131206-130939	15525	951137	4508685	1759851	2748834	1421214	20456	0	0	0	0	0	0	0	0	1	1	1	0	1	0	0	0	130	0	63509	0	11115	0	61275	61324	17069	681	4550	4550	NORM	PA_E	10	0
20131206-130942	15525	951137	4508685	1759851	2748834	1421214	20456	0	0	0	0	0	0	0	0	1	1	1	0	1	0	0	0	130	0	63181	0	13042	0	60571	60410	17064	591	3928	3928	NORM	PA_E	10	0
20131206-130946	15525	951137	4508685	1759851	2748834	1421214	20456	0	0	0	0	0	0	0	1	1	1	1	0	1	0	0	0	130	0	62677	0	15163	0	60105	60106	17052	423	2737	2737	NORM	PA_E	10	0
20131206-130950	15525	951137	4508685	1759851	2748834	1421214	20456	0	0	0	0	0	0	0	1	1	1	1	0	1	0	0	0	130	0	62548	0	16384	642	60387	60393	17054	138	853	853	NORM	PA_E	10	0
20131206-130953	15525	951137	4508685	1759851	2748834	1421214	20456	0	0	0	0	0	0	0	1	1	1	1	0	1	1	0	0	130	0	64107	0	7710	7710	0	0	17051	3	115	106	NORM	PA_E	10	0
20131206-130957	15525	951137	4508685	1759851	2748834	1421214	20456	0	0	0	0	0	0	0	1	1	1	1	1	1	1	0	0	129	0	63954	0	8738	8738	0	0	17057	6	115	115	NORM	CH_I	11	0
20131206-131001	15525	951137	4508687	1759858	2748829	1421214	20456	0	0	0	0	0	0	0	1	1	1	1	1	1	1	0	0	129	0	63931	0	8866	8866	0	0	17057	12	142	142	NORM	CH_E	11	0
20131206-131005	15525	951137	4508687	1759858	2748829	1421214	20456	0	0	0	0	0	0	0	1	1	1	1	1	1	1	0	0	128	0	63943	0	8930	8930	0	0	17058	15	133	133	NORM	CH_E	11	0
20131206-131008	15525	951137	4508687	1759858	2748829	1421214	20456	0	0	0	0	0	0	0	1	1	1	1	1	1	1	0	0	128	0	63931	0	8930	8930	0	0	17051	15	133	133	NORM	CH_E	11	0
20131206-131012	15525	951137	4508687	1759858	2748829	1421214	20456	0	0	0	0	0	0	0	1	1	1	1	1	1	1	0	0	128	0	63931	0	8930	8930	0	0	17052	15	133	133	NORM	CH_E	11	0
20131206-131016	15525	951137	4508687	1759858	2748829	1421214	20456	0	0	0	0	0	0	0	1	1	1	1	1	1	0	0	0	127	0	63943	0	8866	8866	0	0	17052	1	106	106	NORM	CH_E	11	0
20131206-131019	15525	951137	4508687	1759858	2748829	1421214	20456	0	0	0	0	0	0	0	1	1	1	1	1	1	0	0	0	127	0	63943	0	8930	8930	0	0	17049	0	106	106	NORM	CH_E	11	0
20131206-131023	15525	951137	4508687	1759858	2748829	1421214	20456	0	0	0	0	0	0	0	1	1	1	1	1	1	0	0	0	127	0	1342	6341	0	0	2736	2737	17057	64	435	435	NORM	CH_E	11	0
20131206-131027	15525	951137	4508687	1759858	2748829	1421214	20456	0	0	0	0	0	0	0	1	1	1	1	0	1	0	0	0	127	0	1779	8386	0	0	3545	3551	17049	204	1359	1422	NORM	PA_I	11	0
20131206-131030	15525	951137	4508687	1759858	2748829	1421214	20456	0	0	0	0	0	0	0	1	1	1	1	0	1	0	0	0	127	0	2068	9771	0	0	4138	4133	17033	428	2897	2897	NORM	PA_E	11	0
20131206-131034	15525	951137	4508687	1759858	2748829	1421214	20456	0	0	0	0	0	0	0	1	1	1	1	0	1	0	0	0	127	0	2332	11018	0	0	4655	4643	17033	719	4870	4950	NORM	PA_E	11	0
20131206-131038	15525	951137	4508687	1759858	2748829	1421214	20456	0	0	0	0	0	0	0	1	1	1	1	0	1	0	0	0	127	0	2381	15214	0	0	4800	4718	17019	1000	6701	6701	NORM	PA_E	11	0
20131206-131042	15525	951137	4508687	1759858	2748829	1421214	20456	0	0	0	0	0	0	0	0	1	1	1	0	1	0	0	0	127	0	2056	16428	0	0	4037	4033	17039	1066	7048	7048	NORM	PA_E	11	0
20131206-131045	15525	951137	4508687	1759858	2748829	1421214	20456	0	0	0	0	0	0	0	0	1	1	1	0	1	0	0	0	127	0	1659	15395	0	0	3027	2874	17037	931	6115	6115	NORM	PA_E	11	0
20131206-131049	15525	951137	4508687	1759858	2748829	1421215	20456	0	0	0	0	0	0	0	0	1	1	1	0	1	0	0	0	127	0	1362	13551	0	0	2697	2690	17030	837	5661	5661	NORM	PA_E	11	0
20131206-131053	15525	951137	4508687	1759858	2748829	1421215	20456	0	0	0	0	0	0	0	0	1	1	1	0	1	0	0	0	127	0	1407	15126	0	0	2806	2818	17027	963	6408	6408	NORM	PA_E	11	0
20131206-131056	15525	951137	4508687	1759858	2748829	1421215	20456	0	0	0	0	0	0	0	0	1	1	1	0	1	0	0	0	127	0	1094	12379	0	0	2174	2150	17039	819	5297	5297	NORM	PA_E	11	0
20131206-131100	15525	951137	4508687	1759858	2748829	1421215	20456	0	0	0	0	0	0	0	0	1	1	1	0	1	0	0	0	127	0	869	10308	0	0	1743	1735	17051	667	4390	4390	NORM	PA_E	11	0
20131206-131104	15525	951137	4508700	1759858	2748842	1421215	20456	0	0	0	0	0	0	0	0	1	1	1	0	1	0	0	0	127	0	793	9663	0	0	1591	1583	17051	612	4061	4061	NORM	PA_E	11	0
20131206-131107	15525	951137	4508700	1759858	2748842	1421215	20456	0	0	0	0	0	0	0	0	1	1	1	0	1	0	0	0	127	0	765	9638	0	0	1526	1532	17039	612	4061	4061	NORM	PA_E	11	0
20131206-131111	15525	951137	4508700	1759858	2748842	1421215	20456	0	0	0	0	0	0	0	0	1	1	1	0	1	0	0	0	127	0	822	10797	0	0	1640	1640	17043	686	4541	4541	NORM	PA_E	11	0
20131206-131115	15525	951137	4508700	1759858	2748842	1421215	20456	0	0	0	0	0	0	0	0	1	1	1	0	1	0	0	0	127	0	872	11958	0	0	1685	1592	17040	753	4968	4968	NORM	PA_E	11	0
20131206-131119	15525	951137	4508700	1759858	2748842	1421215	20456	0	0	0	0	0	0	0	0	1	1	1	0	1	0	0	0	127	0	381	5179	0	0	717	733	17055	348	2275	2275	NORM	PA_E	11	0
20131206-131122	15525	951137	4508700	1759858	2748842	1421215	20456	0	0	0	0	0	0	0	0	1	1	1	0	1	0	0	0	127	0	0	3	0	0	0	1	17054	42	293	293	NORM	PA_E	11	0
20131206-131126	15525	951137	4508700	1759858	2748842	1421215	20456	0	0	0	0	0	0	0	0	1	1	1	0	1	0	0	0	127	0	87	1181	0	0	179	181	17073	91	648	648	NORM	PA_E	11	0
20131206-131130	15525	951137	4508700	1759858	2748842	1421215	20456	0	0	0	0	0	0	0	0	1	1	1	0	1	0	0	0	127	0	175	2353	0	0	355	355	17036	178	1182	1182	NORM	PA_E	11	0
20131206-131133	15525	951137	4508700	1759858	2748842	1421216	20456	0	0	0	0	0	0	0	0	1	1	1	0	1	0	0	0	127	0	181	2364	0	0	358	357	17055	177	1182	1182	NORM	PA_E	11	0
20131206-131137	15525	951137	4508700	1759858	2748842	1421216	20456	0	0	0	0	0	0	0	0	1	1	1	0	1	0	0	0	127	0	183	2377	0	0	372	362	17060	183	1226	1226	NORM	PA_E	11	0
20131206-131141	15525	951137	4508700	1759858	2748842	1421216	20456	0	0	0	0	0	0	0	0	1	1	1	0	1	0	0	0	127	0	189	2386	0	0	378	374	17061	183	1217	1217	NORM	PA_E	11	0
20131206-131145	15525	951137	4508700	1759858	2748842	1421216	20456	0	0	0	0	0	0	0	0	1	1	1	0	1	0	0	0	127	0	190	2354	0	0	378	385	17067	182	1217	1217	NORM	PA_E	11	0
20131206-131148	15525	951137	4508700	1759858	2748842	1421216	20456	0	0	0	0	0	0	0	0	1	1	1	0	1	0	0	0	127	0	0	0	0	0	0	0	17064	42	284	257	NORM	PA_E	11	0
20131206-131152	15525	951137	4508700	1759858	2748842	1421216	20456	0	0	0	0	0	0	0	0	1	1	1	0	1	0	0	0	127	0	0	0	0	0	0	0	17070	38	266	266	NORM	PA_E	11	0
20131206-131156	15525	951137	4508700	1759858	2748842	1421216	20456	0	0	0	0	0	0	0	0	1	1	1	0	1	0	0	0	127	0	64907	0	3533	0	64260	64243	17088	309	2088	2088	NORM	PA_E	11	0
20131206-131200	15525	951137	4508700	1759858	2748842	1421216	20456	0	0	0	0	0	0	0	0	1	1	1	0	1	0	0	0	127	0	65090	0	2505	0	64617	64620	17088	208	1368	1368	NORM	PA_E	11	0
20131206-131203	15525	951137	4508707	1759858	2748849	1421216	20456	0	0	0	0	0	0	0	0	1	1	1	0	1	0	0	0	127	0	65445	0	514	0	65531	0	17069	40	337	337	NORM	PA_E	11	0
20131206-131207	15525	951137	4508707	1759858	2748849	1421216	20456	0	0	0	0	0	0	0	0	1	1	1	0	1	0	0	0	127	0	0	0	0	0	0	0	17081	45	302	302	NORM	PA_E	11	0
20131206-131211	15525	951137	4508707	1759858	2748849	1421216	20456	0	0	0	0	0	0	0	0	1	1	1	0	1	0	0	0	127	0	0	0	0	0	0	0	17072	45	302	302	NORM	PA_E	11	0
20131206-131214	15525	951137	4508707	1759858	2748849	1421216	20456	0	0	0	0	0	0	0	0	1	1	1	0	1	0	0	0	127	0	0	0	0	0	0	0	17080	38	266	266	NORM	PA_E	11	0
20131206-131218	15525	951137	4508707	1759858	2748849	1421216	20456	0	0	0	0	0	0	0	0	1	1	1	0	1	0	0	0	127	0	0	0	0	0	0	0	17069	36	239	239	NORM	PA_E	11	0
20131206-131222	15525	951137	4508707	1759858	2748849	1421217	20456	0	0	0	0	0	0	0	0	1	1	1	0	1	0	0	0	127	0	0	0	0	0	0	0	17069	36	239	239	NORM	PA_E	11	0
20131206-131226	15525	951137	4508707	1759858	2748849	1421217	20456	0	0	0	0	0	0	0	0	1	1	1	0	1	0	0	0	127	0	0	0	0	0	0	0	17069	26	186	186	NORM	PA_E	11	0
20131206-131229	15525	951137	4508707	1759858	2748849	1421217	20456	0	0	0	0	0	0	0	0	1	1	1	0	1	0	0	0	127	0	0	0	0	0	0	0	17075	25	186	186	NORM	PA_E	11	0
20131206-131233	15525	951137	4508707	1759858	2748849	1421217	20456	0	0	0	0	0	0	0	0	1	1	1	0	1	0	0	0	127	0	0	0	0	0	0	0	17079	26	186	186	NORM	PA_E	11	0
20131206-131237	15525	951137	4508707	1759858	2748849	1421217	20456	0	0	0	0	0	0	0	0	1	1	1	0	1	0	0	0	127	0	0	0	0	0	0	0	17070	26	186	186	NORM	PA_E	11	0
20131206-131241	15525	951137	4508707	1759858	2748849	1421217	20456	0	0	0	0	0	0	0	0	1	1	1	0	1	0	0	0	127	0	0	0	0	0	0	0	17081	29	204	204	NORM	PA_E	11	0
20131206-131244	15525	951137	4508707	1759858	2748849	1421217	20456	0	0	0	0	0	0	0	0	1	1	1	0	1	0	0	0	127	0	0	0	0	0	0	0	17078	26	186	186	NORM	PA_E	11	0
20131206-131248	15525	951137	4508707	1759858	2748849	1421217	20456	0	0	0	0	0	0	0	0	1	1	1	0	1	0	0	0	127	0	0	0	0	0	0	0	17076	26	186	186	NORM	PA_E	11	0
20131206-131252	15525	951137	4508707	1759858	2748849	1421217	20456	0	0	0	0	0	0	0	0	1	1	1	0	1	0	0	0	127	0	64975	0	3148	0	64423	64441	17090	239	1608	1608	NORM	PA_E	11	0
20131206-131256	15525	951137	4508707	1759858	2748849	1421217	20456	0	0	0	0	0	0	0	0	1	1	1	0	1	0	0	0	127	0	64986	0	3276	0	64196	63881	17097	289	1839	1839	NORM	PA_E	11	0
20131206-131259	15525	951137	4508707	1759858	2748849	1421217	20456	0	0	0	0	0	0	0	0	1	1	1	0	1	0	0	0	127	0	63530	0	11243	0	60753	60825	17114	879	5963	5963	NORM	PA_E	11	0
20131206-131303	15525	951137	4508708	1759859	2748849	1421217	20456	0	0	0	0	0	0	0	0	1	1	1	0	1	0	0	0	127	0	62612	0	16384	578	59839	59832	17111	849	5484	5484	NORM	PA_E	11	0
20131206-131307	15525	951137	4508708	1759859	2748849	1421217	20456	0	0	0	0	0	0	0	1	1	1	1	0	1	0	0	0	127	0	62635	0	16255	385	59849	59851	17094	536	3457	3457	NORM	PA_E	11	0
20131206-131311	15525	951137	4508708	1759859	2748849	1421217	20456	0	0	0	0	0	0	0	1	1	1	1	0	1	0	0	0	127	0	62624	0	16255	385	59831	59839	17087	224	1422	1422	NORM	PA_E	11	0
20131206-131314	15525	951137	4508708	1759859	2748849	1421217	20456	0	0	0	0	0	0	0	1	1	1	1	0	1	0	0	0	127	0	63507	0	11372	11372	65525	65528	17082	26	186	186	NORM	PA_E	11	0
20131206-131318	15525	951137	4508708	1759859	2748849	1421217	20456	0	0	0	0	0	0	0	1	1	1	1	1	1	1	0	0	126	0	63955	0	8995	8995	0	0	17076	24	168	168	NORM	CH_I	12	0
20131206-131322	15525	951137	4508708	1759859	2748849	1421217	20456	0	0	0	0	0	0	0	1	1	1	1	1	1	1	0	0	126	0	63909	0	9187	9187	0	0	17078	26	186	186	NORM	CH_E	12	0
20131206-131325	15525	951137	4508708	1759859	2748849	1421217	20456	0	0	0	0	0	0	0	1	1	1	1	1	1	1	0	0	125	0	63922	0	9187	9187	0	0	17078	26	186	186	NORM	CH_E	12	0
20131206-131329	15525	951137	4508708	1759859	2748849	1421217	20456	0	0	0	0	0	0	0	1	1	1	1	1	1	1	0	0	125	0	63922	0	9252	9252	0	0	17072	21	151	151	NORM	CH_E	12	0
20131206-131333	15525	951137	4508708	1759859	2748849	1421217	20456	0	0	0	0	0	0	0	1	1	1	1	1	1	1	0	0	124	0	63922	0	9252	9252	0	0	17081	20	151	151	NORM	CH_E	12	0
20131206-131336	15525	951137	4508708	1759859	2748849	1421217	20456	0	0	0	0	0	0	0	1	1	1	1	1	1	0	0	0	124	0	63933	0	9187	9187	0	0	17076	20	151	151	NORM	CH_E	12	0
20131206-131340	15525	951137	4508708	1759859	2748849	1421217	20456	0	0	0	0	0	0	0	1	1	1	1	1	1	0	0	0	124	0	63933	0	9187	9187	0	0	17075	24	159	159	NORM	CH_E	12	0
20131206-131344	15525	951137	4508708	1759859	2748849	1421217	20456	0	0	0	0	0	0	0	1	1	1	1	0	1	0	0	0	124	0	1619	7835	0	0	3245	3245	17014	108	755	755	NORM	PA_I	12	0
20131206-131347	15525	951137	4508708	1759859	2748849	1421217	20456	0	0	0	0	0	0	0	1	1	1	1	0	1	0	0	0	124	0	2542	12303	0	0	5163	5355	17028	411	2799	2986	NORM	PA_E	12	0
20131206-131351	15525	951137	4508708	1759859	2748849	1421217	20456	0	0	0	0	0	0	0	1	1	1	1	0	1	0	0	0	124	0	3181	15396	0	0	6411	6489	17009	987	6595	6595	NORM	PA_E	12	0
20131206-131355	15525	951137	4508708	1759859	2748849	1421217	20456	0	0	0	0	0	0	0	1	1	1	1	0	1	0	0	0	124	0	2481	16423	0	0	4876	4798	16978	1108	7323	7323	NORM	PA_E	12	0
20131206-131359	15525	951137	4508708	1759859	2748849	1421218	20456	0	0	0	0	0	0	0	0	1	1	1	0	1	0	0	0	124	0	2003	16410	0	0	3940	3933	17025	1071	7083	7083	NORM	PA_E	12	0
20131206-131402	15525	951137	4508713	1759863	2748850	1421218	20456	0	0	0	0	0	0	0	0	1	1	1	0	1	0	0	0	124	0	1229	11432	0	0	2436	2440	16996	742	4861	4861	NORM	PA_E	12	0
20131206-131406	15525	951137	4508713	1759863	2748850	1421218	20456	0	0	0	0	0	0	0	0	1	1	1	0	1	0	0	0	124	0	1050	10302	0	0	2090	2091	17045	658	4372	4372	NORM	PA_E	12	0
20131206-131410	15525	951137	4508713	1759863	2748850	1421218	20456	0	0	0	0	0	0	0	0	1	1	1	0	1	0	0	0	124	0	999	10561	0	0	1994	2081	17030	669	4452	4524	NORM	PA_E	12	0
20131206-131413	15525	951137	4508713	1759863	2748850	1421218	20456	0	0	0	0	0	0	0	0	1	1	1	0	1	0	0	0	124	0	1099	12083	0	0	2185	2180	17011	761	5048	5048	NORM	PA_E	12	0
20131206-131417	15525	951137	4508713	1759863	2748850	1421218	20456	0	0	0	0	0	0	0	0	1	1	1	0	1	0	0	0	124	0	950	10940	0	0	1896	1873	17017	702	4630	4586	NORM	PA_E	12	0
20131206-131421	15525	951137	4508713	1759863	2748850	1421218	20456	0	0	0	0	0	0	0	0	1	1	1	0	1	0	0	0	124	0	881	10561	0	0	1763	1758	17072	661	4364	4364	NORM	PA_E	12	0
20131206-131424	15525	951137	4508713	1759863	2748850	1421218	20456	0	0	0	0	0	0	0	0	1	1	1	0	1	0	0	0	124	0	557	6862	0	0	1052	1009	17030	455	2915	2773	NORM	PA_E	12	0
20131206-131428	15525	951137	4508713	1759863	2748850	1421218	20456	0	0	0	0	0	0	0	0	1	1	1	0	1	0	0	0	124	0	279	3516	0	0	453	450	17043	224	1448	1448	NORM	PA_E	12	0
20131206-131432	15525	951137	4508713	1759863	2748850	1421218	20456	0	0	0	0	0	0	0	0	1	1	1	0	1	0	0	0	124	0	0	21	0	0	0	11	17045	28	204	204	NORM	PA_E	12	0
20131206-131436	15525	951137	4508713	1759863	2748850	1421218	20456	0	0	0	0	0	0	0	0	1	1	1	0	1	0	0	0	124	0	33	417	0	0	64	66	17007	60	408	408	NORM	PA_E	12	0
20131206-131439	15525	951137	4508713	1759863	2748850	1421218	20456	0	0	0	0	0	0	0	0	1	1	1	0	1	0	0	0	124	0	276	3232	0	0	510	511	17031	225	1502	1502	NORM	PA_E	12	0
20131206-131443	15525	951137	4508713	1759863	2748850	1421218	20456	0	0	0	0	0	0	0	0	1	1	1	0	1	0	0	0	124	0	0	3	0	0	4	0	17090	42	275	275	NORM	PA_E	12	0
20131206-131447	15525	951137	4508713	1759863	2748850	1421218	20456	0	0	0	0	0	0	0	0	1	1	1	0	1	0	0	0	124	0	0	0	0	0	2	1	17060	38	266	266	NORM	PA_E	12	0
20131206-131451	15525	951137	4508713	1759863	2748850	1421219	20456	0	0	0	0	0	0	0	0	1	1	1	0	1	0	0	0	124	0	0	0	0	0	0	0	17063	24	168	168	NORM	PA_E	12	0
20131206-131454	15525	951137	4508713	1759863	2748850	1421219	20456	0	0	0	0	0	0	0	0	1	1	1	0	1	0	0	0	124	0	0	0	0	0	0	0	17081	24	168	195	NORM	PA_E	12	0
20131206-131458	15525	951137	4508713	1759863	2748850	1421219	20456	0	0	0	0	0	0	0	0	1	1	1	0	1	0	0	0	124	0	71	885	0	0	142	142	17070	88	595	595	NORM	PA_E	12	0
20131206-131502	15525	951137	4508723	1759863	2748860	1421219	20456	0	0	0	0	0	0	0	0	1	1	1	0	1	0	0	0	124	0	362	4955	0	0	857	864	17075	281	2079	2079	NORM	PA_E	12	0
20131206-131505	15525	951137	4508723	1759863	2748860	1421219	20456	0	0	0	0	0	0	0	0	1	1	1	0	1	0	0	0	124	0	535	6669	0	0	1080	1081	17040	423	2817	2817	NORM	PA_E	12	0
20131206-131509	15525	951137	4508723	1759863	2748860	1421219	20456	0	0	0	0	0	0	0	0	1	1	1	0	1	0	0	0	124	0	534	6677	0	0	1069	1076	17039	432	2870	2870	NORM	PA_E	12	0
20131206-131513	15525	951137	4508723	1759863	2748860	1421219	20456	0	0	0	0	0	0	0	0	1	1	1	0	1	0	0	0	124	0	532	6670	0	0	1065	1068	17057	432	2870	2870	NORM	PA_E	12	0
20131206-131517	15525	951137	4508723	1759863	2748860	1421219	20456	0	0	0	0	0	0	0	0	1	1	1	0	1	0	0	0	124	0	224	2802	0	0	451	452	17070	202	1333	1333	NORM	PA_E	12	0
20131206-131520	15525	951137	4508723	1759863	2748860	1421219	20456	0	0	0	0	0	0	0	0	1	1	1	0	1	0	0	0	124	0	146	1797	0	0	292	293	17052	148	959	959	NORM	PA_E	12	0
20131206-131524	15525	951137	4508723	1759863	2748860	1421219	20456	0	0	0	0	0	0	0	0	1	1	1	0	1	0	0	0	124	0	132	1591	0	0	262	258	17069	133	888	888	NORM	PA_E	12	0
20131206-131528	15525	951137	4508723	1759863	2748860	1421219	20456	0	0	0	0	0	0	0	0	1	1	1	0	1	0	0	0	124	0	133	1554	0	0	263	273	17057	133	897	888	NORM	PA_E	12	0
20131206-131531	15525	951137	4508723	1759863	2748860	1421219	20456	0	0	0	0	0	0	0	0	1	1	1	0	1	0	0	0	124	0	16	181	0	0	32	32	17073	56	382	382	NORM	PA_E	12	0
20131206-131535	15525	951137	4508723	1759863	2748860	1421219	20456	0	0	0	0	0	0	0	0	1	1	1	0	1	0	0	0	124	0	69	759	0	0	204	202	17069	102	702	702	NORM	PA_E	12	0
20131206-131539	15525	951137	4508723	1759863	2748860	1421220	20456	0	0	0	0	0	0	0	0	1	1	1	0	1	0	0	0	124	0	158	1677	0	0	311	320	17048	153	1022	1022	NORM	PA_E	12	0
20131206-131543	15525	951137	4508723	1759863	2748860	1421220	20456	0	0	0	0	0	0	0	0	1	1	1	0	1	0	0	0	124	0	309	3230	0	0	639	648	17055	243	1644	1644	NORM	PA_E	12	0
20131206-131546	15525	951137	4508723	1759863	2748860	1421220	20456	0	0	0	0	0	0	0	0	1	1	1	0	1	0	0	0	124	0	318	3289	0	0	697	729	17042	262	1786	1786	NORM	PA_E	12	0
20131206-131550	15525	951137	4508723	1759863	2748860	1421220	20456	0	0	0	0	0	0	0	0	1	1	1	0	1	0	0	0	124	0	714	7373	0	0	1469	1447	17052	470	3199	3199	NORM	PA_E	12	0
20131206-131554	15525	951137	4508723	1759863	2748860	1421220	20456	0	0	0	0	0	0	0	0	1	1	1	0	1	0	0	0	124	0	838	8832	0	0	1640	1624	17034	588	3866	3866	NORM	PA_E	12	0
20131206-131557	15525	951137	4508723	1759863	2748860	1421220	20456	0	0	0	0	0	0	0	0	1	1	1	0	1	0	0	0	124	0	644	6916	0	0	1291	1283	17074	469	3084	3084	NORM	PA_E	12	0
20131206-131601	15525	951137	4508730	1759863	2748867	1421220	20456	0	0	0	0	0	0	0	0	1	1	1	0	1	0	0	0	124	0	636	6383	0	0	1172	1156	17033	455	3021	2924	NORM	PA_E	12	0
20131206-131605	15525	951137	4508730	1759863	2748867	1421220	20456	0	0	0	0	0	0	0	0	1	1	1	0	1	0	0	0	124	0	569	6245	0	0	1135	1144	17052	420	2790	2790	NORM	PA_E	12	0
20131206-131609	15525	951137	4508730	1759863	2748867	1421220	20456	0	0	0	0	0	0	0	0	1	1	1	0	1	0	0	0	124	0	382	4165	0	0	673	685	17064	295	1884	1884	NORM	PA_E	12	0
20131206-131612	15525	951137	4508730	1759863	2748867	1421220	20456	0	0	0	0	0	0	0	0	1	1	1	0	1	0	0	0	124	0	312	3389	0	0	627	628	17046	246	1635	1635	NORM	PA_E	12	0
20131206-131616	15525	951137	4508730	1759863	2748867	1421220	20456	0	0	0	0	0	0	0	0	1	1	1	0	1	0	0	0	124	0	276	2924	0	0	547	547	17058	219	1457	1457	NORM	PA_E	12	0
20131206-131620	15525	951137	4508730	1759863	2748867	1421220	20456	0	0	0	0	0	0	0	0	1	1	1	0	1	0	0	0	124	0	264	2799	0	0	528	533	17054	208	1368	1368	NORM	PA_E	12	0
20131206-131623	15525	951137	4508730	1759863	2748867	1421220	20456	0	0	0	0	0	0	0	0	1	1	1	0	1	0	0	0	124	0	292	3049	0	0	590	582	16993	217	1439	1448	NORM	PA_E	12	0
20131206-131627	15525	951137	4508730	1759863	2748867	1421220	20456	0	0	0	0	0	0	0	0	1	1	1	0	1	0	0	0	124	0	366	3856	0	0	721	736	17075	264	1759	1759	NORM	PA_E	12	0
20131206-131631	15525	951137	4508730	1759863	2748867	1421221	20456	0	0	0	0	0	0	0	0	1	1	1	0	1	0	0	0	124	0	483	5471	0	0	1009	1032	17044	351	2355	2399	NORM	PA_E	12	0
20131206-131634	15525	951137	4508730	1759863	2748867	1421221	20456	0	0	0	0	0	0	0	0	1	1	1	0	1	0	0	0	124	0	469	5117	0	0	936	934	17019	353	2310	2310	NORM	PA_E	12	0
20131206-131638	15525	951137	4508730	1759863	2748867	1421221	20456	0	0	0	0	0	0	0	0	1	1	1	0	1	0	0	0	124	0	466	5068	0	0	930	932	17046	346	2293	2302	NORM	PA_E	12	0
20131206-131642	15525	951137	4508730	1759863	2748867	1421221	20456	0	0	0	0	0	0	0	0	1	1	1	0	1	0	0	0	124	0	465	5091	0	0	932	936	17120	346	2293	2293	NORM	PA_E	12	0
20131206-131646	15525	951137	4508730	1759863	2748867	1421221	20456	0	0	0	0	0	0	0	0	1	1	1	0	1	0	0	0	124	0	483	5281	0	0	1047	1051	17058	371	2515	2515	NORM	PA_E	12	0
20131206-131649	15525	951137	4508730	1759863	2748867	1421221	20456	0	0	0	0	0	0	0	0	1	1	1	0	1	0	0	0	124	0	443	4856	0	0	868	872	17037	345	2284	2284	NORM	PA_E	12	0
20131206-131653	15525	951137	4508730	1759863	2748867	1421221	20456	0	0	0	0	0	0	0	0	1	1	1	0	1	0	0	0	124	0	596	6560	0	0	1192	1192	17057	441	2924	2924	NORM	PA_E	12	0
20131206-131657	15525	951137	4508730	1759863	2748867	1421221	20456	0	0	0	0	0	0	0	0	1	1	1	0	1	0	0	0	124	0	808	9091	0	0	1615	1614	17018	585	3884	3884	NORM	PA_E	12	0
20131206-131700	15525	951137	4508730	1759863	2748867	1421221	20456	0	0	0	0	0	0	0	0	1	1	1	0	1	0	0	0	124	0	787	9092	0	0	1552	1553	17019	584	3875	3875	NORM	PA_E	12	0
20131206-131704	15525	951137	4508739	1759863	2748876	1421221	20456	0	0	0	0	0	0	0	0	1	1	1	0	1	0	0	0	124	0	515	6014	0	0	1032	1031	17029	408	2657	2657	NORM	PA_E	12	0
20131206-131708	15525	951137	4508739	1759863	2748876	1421221	20456	0	0	0	0	0	0	0	0	1	1	1	0	1	0	0	0	124	0	477	4825	0	0	706	792	17037	393	2177	2177	NORM	PA_E	12	0
20131206-131711	15525	951137	4508739	1759863	2748876	1421221	20456	0	0	0	0	0	0	0	0	1	1	1	0	1	0	0	0	124	0	0	5	0	0	0	1	17040	40	275	275	NORM	PA_E	12	0
20131206-131715	15525	951137	4508739	1759863	2748876	1421221	20456	0	0	0	0	0	0	0	0	1	1	1	0	1	0	0	0	124	0	0	0	0	0	0	0	17051	31	213	213	NORM	PA_E	12	0
20131206-131719	15525	951137	4508739	1759863	2748876	1421221	20456	0	0	0	0	0	0	0	0	1	1	1	0	1	0	0	0	124	0	124	1325	0	0	259	245	17055	119	799	799	NORM	PA_E	12	0
20131206-131723	15525	951137	4508739	1759863	2748876	1421222	20456	0	0	0	0	0	0	0	0	1	1	1	0	1	0	0	0	124	0	128	1343	0	0	258	263	17054	123	826	826	NORM	PA_E	12	0
20131206-131726	15525	951137	4508739	1759863	2748876	1421222	20456	0	0	0	0	0	0	0	0	1	1	1	0	1	0	0	0	124	0	218	2272	0	0	431	424	17052	177	1173	1173	NORM	PA_E	12	0
20131206-131730	15525	951137	4508739	1759863	2748876	1421222	20456	0	0	0	0	0	0	0	0	1	1	1	0	1	0	0	0	124	0	264	2716	0	0	525	530	17049	193	1279	1288	NORM	PA_E	12	0
20131206-131734	15525	951137	4508739	1759863	2748876	1421222	20456	0	0	0	0	0	0	0	0	1	1	1	0	1	0	0	0	124	0	267	2697	0	0	542	535	17022	188	1244	1244	NORM	PA_E	12	0
20131206-131738	15525	951137	4508739	1759863	2748876	1421222	20456	0	0	0	0	0	0	0	0	1	1	1	0	1	0	0	0	124	0	351	3569	0	0	724	733	17033	225	1573	1573	NORM	PA_E	12	0
20131206-131741	15525	951137	4508739	1759863	2748876	1421222	20456	0	0	0	0	0	0	0	0	1	1	1	0	1	0	0	0	124	0	343	3385	0	0	687	686	17036	232	1546	1537	NORM	PA_E	12	0
20131206-131745	15525	951137	4508739	1759863	2748876	1421222	20456	0	0	0	0	0	0	0	0	1	1	1	0	1	0	0	0	124	0	347	3395	0	0	697	699	17043	232	1546	1546	NORM	PA_E	12	0
20131206-131749	15525	951137	4508739	1759863	2748876	1421222	20456	0	0	0	0	0	0	0	0	1	1	1	0	1	0	0	0	124	0	350	3401	0	0	701	702	17085	233	1528	1528	NORM	PA_E	12	0
20131206-131752	15525	951137	4508739	1759863	2748876	1421222	20456	0	0	0	0	0	0	0	0	1	1	1	0	1	0	0	0	124	0	282	2776	0	0	604	611	17061	198	1324	1324	NORM	PA_E	12	0
20131206-131756	15525	951137	4508739	1759863	2748876	1421222	20456	0	0	0	0	0	0	0	0	1	1	1	0	1	0	0	0	124	0	301	2866	0	0	595	531	17025	193	1279	1279	NORM	PA_E	12	0
20131206-131800	15525	951137	4508739	1759863	2748876	1421222	20456	0	0	0	0	0	0	0	0	1	1	1	0	1	0	0	0	124	0	263	2510	0	0	535	526	17048	180	1191	1191	NORM	PA_E	12	0
20131206-131804	15525	951137	4508746	1759863	2748883	1421222	20456	0	0	0	0	0	0	0	0	1	1	1	0	1	0	0	0	124	0	2	2	0	0	7	0	17028	42	248	248	NORM	PA_E	12	0
20131206-131807	15525	951137	4508746	1759863	2748883	1421222	20456	0	0	0	0	0	0	0	0	1	1	1	0	1	0	0	0	124	0	64180	0	7774	0	62820	62811	17105	510	3475	3466	NORM	PA_E	12	0
20131206-131811	15525	951137	4508746	1759863	2748883	1421222	20456	0	0	0	0	0	0	0	0	1	1	1	0	1	0	0	0	124	0	64158	0	7902	0	62743	62754	17085	439	2888	2888	NORM	PA_E	12	0
20131206-131815	15525	951137	4508746	1759863	2748883	1421222	20456	0	0	0	0	0	0	0	0	1	1	1	0	1	0	0	0	124	0	63686	0	10601	0	61851	61833	17090	464	3048	3048	NORM	PA_E	12	0
20131206-131818	15525	951137	4508746	1759863	2748883	1421222	20456	0	0	0	0	0	0	0	1	1	1	1	0	1	0	0	0	124	0	63181	0	13492	0	60626	60637	17076	414	2755	2755	NORM	PA_E	12	0
20131206-131822	15525	951137	4508746	1759863	2748883	1421222	20456	0	0	0	0	0	0	0	1	1	1	1	0	1	0	0	0	124	0	62755	0	15869	0	59968	59965	17073	218	1430	1324	NORM	PA_E	12	0
20131206-131826	15525	951137	4508746	1759863	2748883	1421222	20456	0	0	0	0	0	0	0	1	1	1	1	0	1	0	0	0	124	0	65044	0	2762	2762	0	0	17048	22	159	159	NORM	PA_E	12	0
20131206-131830	15525	951137	4508746	1759863	2748883	1421223	20456	0	0	0	0	0	0	0	1	1	1	1	0	1	1	0	0	124	0	64774	0	4369	4369	0	0	17070	25	168	168	NORM	PA_E	12	0
20131206-131833	15525	951137	4508746	1759863	2748883	1421223	20456	0	0	0	0	0	0	0	1	1	1	1	1	1	1	0	0	122	0	63935	0	9380	9380	0	0	17058	24	177	177	NORM	CH_I	13	0
20131206-131837	15525	951137	4508746	1759863	2748883	1421223	20456	0	0	0	0	0	0	0	1	1	1	1	1	1	1	0	0	122	0	63913	0	9444	9444	0	0	17090	24	168	168	NORM	CH_E	13	0
20131206-131841	15525	951137	4508746	1759863	2748883	1421223	20456	0	0	0	0	0	0	0	1	1	1	1	1	1	1	0	0	122	0	63902	0	9509	9509	0	0	17085	25	177	177	NORM	CH_E	13	0
20131206-131844	15525	951137	4508746	1759863	2748883	1421223	20456	0	0	0	0	0	0	0	1	1	1	1	1	1	1	0	0	122	0	63913	0	9444	9444	0	0	17057	25	177	177	NORM	CH_E	13	0
20131206-131848	15525	951137	4508746	1759863	2748883	1421223	20456	0	0	0	0	0	0	0	1	1	1	1	1	1	1	0	0	122	0	63913	0	9444	9444	0	0	17034	24	177	177	NORM	CH_E	13	0
20131206-131852	15525	951137	4508746	1759863	2748883	1421223	20456	0	0	0	0	0	0	0	1	1	1	1	1	1	1	0	0	122	0	63913	0	9444	9444	0	0	17040	25	177	177	NORM	CH_E	13	0
20131206-131855	15525	951137	4508746	1759863	2748883	1421223	20456	0	0	0	0	0	0	0	1	1	1	1	1	1	1	0	0	122	0	63925	0	9380	9252	0	0	17085	24	168	168	NORM	CH_E	13	0
20131206-131859	15525	951137	4508746	1759863	2748883	1421223	20456	0	0	0	0	0	0	0	1	1	1	1	1	1	1	0	0	122	0	63957	0	9252	9252	0	0	17036	24	177	177	NORM	CH_E	13	0
20131206-131903	15525	951137	4508746	1759866	2748880	1421223	20456	0	0	0	0	0	0	0	1	1	1	1	1	1	1	0	0	122	0	63957	0	9187	9187	0	0	17057	24	177	177	NORM	CH_E	13	0
20131206-131907	15525	951137	4508746	1759866	2748880	1421223	20456	0	0	0	0	0	0	0	1	1	1	1	1	1	0	0	0	122	0	63957	0	9187	9187	0	0	17048	24	177	177	NORM	CH_E	13	0
20131206-131910	15525	951137	4508746	1759866	2748880	1421223	20456	0	0	0	0	0	0	0	1	1	1	1	1	1	0	0	0	122	0	63957	0	9187	9187	0	0	17067	24	168	168	NORM	CH_E	13	0
20131206-131914	15525	951137	4508746	1759866	2748880	1421223	20456	0	0	0	0	0	0	0	1	1	1	1	1	1	0	0	0	122	0	65487	5981	514	514	2432	2454	17049	53	382	391	NORM	CH_E	13	0
20131206-131918	15525	951137	4508746	1759866	2748880	1421223	20456	0	0	0	0	0	0	0	1	1	1	1	0	1	0	0	0	122	0	1896	9325	0	0	3792	3788	17036	180	1226	1226	NORM	PA_I	13	0
20131206-131921	15525	951137	4508746	1759866	2748880	1421223	20456	0	0	0	0	0	0	0	1	1	1	1	0	1	0	0	0	122	0	2095	10342	0	0	4210	4200	17022	387	2666	2666	NORM	PA_E	13	0
20131206-131925	15525	951137	4508746	1759866	2748880	1421223	20456	0	0	0	0	0	0	0	1	1	1	1	0	1	0	0	0	122	0	2078	10223	0	0	4149	4147	17007	597	3964	3964	NORM	PA_E	13	0
20131206-131929	15525	951137	4508746	1759866	2748880	1421223	20456	0	0	0	0	0	0	0	1	1	1	1	0	1	0	0	0	122	0	1967	10265	0	0	3878	3845	17009	723	4808	4826	NORM	PA_E	13	0
20131206-131932	15525	951137	4508746	1759866	2748880	1421223	20456	0	0	0	0	0	0	0	1	1	1	1	0	1	0	0	0	122	0	1881	12170	0	0	3741	3720	17027	828	5528	5528	NORM	PA_E	13	0
20131206-131936	15525	951137	4508746	1759866	2748880	1421223	20456	0	0	0	0	0	0	0	0	1	1	1	0	1	0	0	0	122	0	1553	11643	0	0	3105	3108	17015	789	5226	5244	NORM	PA_E	13	0
20131206-131940	15525	951137	4508746	1759866	2748880	1421223	20456	0	0	0	0	0	0	0	0	1	1	1	0	1	0	0	0	122	0	1413	11725	0	0	2812	2795	17022	776	5164	5164	NORM	PA_E	13	0
20131206-131944	15525	951137	4508746	1759866	2748880	1421223	20456	0	0	0	0	0	0	0	0	1	1	1	0	1	0	0	0	122	0	1103	9911	0	0	2165	2165	17034	660	4346	4346	NORM	PA_E	13	0
20131206-131947	15525	951137	4508746	1759866	2748880	1421223	20456	0	0	0	0	0	0	0	0	1	1	1	0	1	0	0	0	122	0	949	8964	0	0	1899	1902	17040	602	3964	3910	NORM	PA_E	13	0
20131206-131951	15525	951137	4508746	1759866	2748880	1421223	20456	0	0	0	0	0	0	0	0	1	1	1	0	1	0	0	0	122	0	596	5784	0	0	1199	1194	17060	398	2622	2622	NORM	PA_E	13	0
20131206-131955	15525	951137	4508746	1759866	2748880	1421223	20456	0	0	0	0	0	0	0	0	1	1	1	0	1	0	0	0	122	0	313	3041	0	0	632	625	17067	241	1564	1564	NORM	PA_E	13	0
20131206-131958	15525	951137	4508746	1759866	2748880	1421223	20456	0	0	0	0	0	0	0	0	1	1	1	0	1	0	0	0	122	0	319	3052	0	0	657	658	17058	228	1519	1519	NORM	PA_E	13	0
20131206-132002	15525	951137	4508756	1759866	2748890	1421223	20456	0	0	0	0	0	0	0	0	1	1	1	0	1	0	0	0	122	0	368	3498	0	0	739	733	17028	252	1679	1679	NORM	PA_E	13	0
20131206-132006	15525	951137	4508756	1759866	2748890	1421223	20456	0	0	0	0	0	0	0	0	1	1	1	0	1	0	0	0	122	0	373	3517	0	0	751	741	17037	253	1679	1679	NORM	PA_E	13	0
20131206-132009	15525	951137	4508756	1759866	2748890	1421223	20456	0	0	0	0	0	0	0	0	1	1	1	0	1	0	0	0	122	0	375	3505	0	0	754	747	17066	253	1679	1679	NORM	PA_E	13	0
20131206-132013	15525	951137	4508756	1759866	2748890	1421223	20456	0	0	0	0	0	0	0	0	1	1	1	0	1	0	0	0	122	0	366	3376	0	0	733	705	17057	249	1635	1635	NORM	PA_E	13	0
20131206-132017	15525	951137	4508756	1759866	2748890	1421223	20456	0	0	0	0	0	0	0	0	1	1	1	0	1	0	0	0	122	0	371	3396	0	0	768	748	17061	240	1590	1590	NORM	PA_E	13	0
20131206-132021	15525	951137	4508756	1759866	2748890	1421223	20456	0	0	0	0	0	0	0	0	1	1	1	0	1	0	0	0	122	0	510	4604	0	0	1018	1016	17052	309	2088	2088	NORM	PA_E	13	0
20131206-132024	15525	951137	4508756	1759866	2748890	1421223	20456	0	0	0	0	0	0	0	0	1	1	1	0	1	0	0	0	122	0	671	6150	0	0	1345	1339	17054	401	2684	2684	NORM	PA_E	13	0
20131206-132028	15525	951137	4508756	1759866	2748890	1421223	20456	0	0	0	0	0	0	0	0	1	1	1	0	1	0	0	0	122	0	575	5327	0	0	1153	1144	17036	348	2310	2310	NORM	PA_E	13	0
20131206-132032	15525	951137	4508756	1759866	2748890	1421224	20456	0	0	0	0	0	0	0	0	1	1	1	0	1	0	0	0	122	0	572	5240	0	0	1124	1042	17043	345	2284	2222	NORM	PA_E	13	0
20131206-132035	15525	951137	4508756	1759866	2748890	1421224	20456	0	0	0	0	0	0	0	0	1	1	1	0	1	0	0	0	122	0	517	4862	0	0	1043	1040	17037	320	2115	2115	NORM	PA_E	13	0
20131206-132039	15525	951137	4508756	1759866	2748890	1421224	20456	0	0	0	0	0	0	0	0	1	1	1	0	1	0	0	0	122	0	688	6497	0	0	1412	1418	17033	413	2764	2764	NORM	PA_E	13	0
20131206-132043	15525	951137	4508756	1759866	2748890	1421224	20456	0	0	0	0	0	0	0	0	1	1	1	0	1	0	0	0	122	0	742	7155	0	0	1479	1485	17045	460	3039	3039	NORM	PA_E	13	0
20131206-132046	15525	951137	4508756	1759866	2748890	1421224	20456	0	0	0	0	0	0	0	0	1	1	1	0	1	0	0	0	122	0	601	5897	0	0	1128	1143	17031	383	2497	2453	NORM	PA_E	13	0
20131206-132050	15525	951137	4508756	1759866	2748890	1421224	20456	0	0	0	0	0	0	0	0	1	1	1	0	1	0	0	0	122	0	506	4992	0	0	1008	1010	17039	336	2195	2195	NORM	PA_E	13	0
20131206-132054	15525	951137	4508756	1759866	2748890	1421224	20456	0	0	0	0	0	0	0	0	1	1	1	0	1	0	0	0	122	0	504	4951	0	0	1021	1006	17033	326	2168	2168	NORM	PA_E	13	0
20131206-132058	15525	951137	4508756	1759866	2748890	1421224	20456	0	0	0	0	0	0	0	0	1	1	1	0	1	0	0	0	122	0	0	4	0	0	2	2	17054	69	346	346	NORM	PA_E	13	0
20131206-132101	15525	951137	4508756	1759866	2748890	1421224	20456	0	0	0	0	0	0	0	0	1	1	1	0	1	0	0	0	122	0	65051	0	2891	0	64534	64515	17075	190	1306	1306	NORM	PA_E	13	0
20131206-132105	15525	951137	4508765	1759866	2748899	1421224	20456	0	0	0	0	0	0	0	0	1	1	1	0	1	0	0	0	122	0	65040	0	2891	0	64522	64530	17073	177	1173	1173	NORM	PA_E	13	0
20131206-132109	15525	951137	4508765	1759866	2748899	1421224	20456	0	0	0	0	0	0	0	0	1	1	1	0	1	0	0	0	122	0	65460	0	449	0	65364	65379	17064	0	62	62	NORM	PA_E	13	0
20131206-132113	15525	951137	4508765	1759866	2748899	1421224	20456	0	0	0	0	0	0	0	0	1	1	1	0	1	0	0	0	122	0	65460	0	449	0	65368	65355	17055	0	71	71	NORM	PA_E	13	0
20131206-132116	15525	951137	4508765	1759866	2748899	1421224	20456	0	0	0	0	0	0	0	0	1	1	1	0	1	0	0	0	122	0	362	3013	0	0	842	850	17037	199	1377	1377	NORM	PA_E	13	0
20131206-132120	15525	951137	4508765	1759866	2748899	1421224	20456	0	0	0	0	0	0	0	0	1	1	1	0	1	0	0	0	122	0	749	5542	0	0	1465	1467	17025	379	2488	2488	NORM	PA_E	13	0
20131206-132124	15525	951137	4508765	1759866	2748899	1421224	20456	0	0	0	0	0	0	0	0	1	1	1	0	1	0	0	0	122	0	459	3445	0	0	672	689	17040	266	1377	1377	NORM	PA_E	13	0
20131206-132127	15525	951137	4508765	1759866	2748899	1421224	20456	0	0	0	0	0	0	0	0	1	1	1	0	1	0	0	0	122	0	0	0	0	0	1	4	17046	38	275	275	NORM	PA_E	13	0
20131206-132131	15525	951137	4508765	1759866	2748899	1421224	20456	0	0	0	0	0	0	0	0	1	1	1	0	1	0	0	0	122	0	312	2148	0	0	621	631	17045	164	1119	1119	NORM	PA_E	13	0
20131206-132135	15525	951137	4508765	1759866	2748899	1421224	20456	0	0	0	0	0	0	0	0	1	1	1	0	1	0	0	0	122	0	380	2606	0	0	761	757	17042	199	1324	1324	NORM	PA_E	13	0
20131206-132139	15525	951137	4508765	1759866	2748899	1421225	20456	0	0	0	0	0	0	0	0	1	1	1	0	1	0	0	0	122	0	378	2598	0	0	758	761	17045	199	1315	1315	NORM	PA_E	13	0
20131206-132142	15525	951137	4508765	1759866	2748899	1421225	20456	0	0	0	0	0	0	0	0	1	1	1	0	1	0	0	0	122	0	378	2596	0	0	756	756	17042	199	1324	1324	NORM	PA_E	13	0
20131206-132146	15525	951137	4508765	1759866	2748899	1421225	20456	0	0	0	0	0	0	0	0	1	1	1	0	1	0	0	0	122	0	380	2596	0	0	759	758	17055	195	1297	1297	NORM	PA_E	13	0
20131206-132150	15525	951137	4508765	1759866	2748899	1421225	20456	0	0	0	0	0	0	0	0	1	1	1	0	1	0	0	0	122	0	466	3173	0	0	925	926	17048	228	1537	1537	NORM	PA_E	13	0
20131206-132153	15525	951137	4508765	1759866	2748899	1421225	20456	0	0	0	0	0	0	0	0	1	1	1	0	1	0	0	0	122	0	459	3162	0	0	920	916	17057	234	1564	1564	NORM	PA_E	13	0
20131206-132157	15525	951137	4508765	1759866	2748899	1421225	20456	0	0	0	0	0	0	0	0	1	1	1	0	1	0	0	0	122	0	454	3175	0	0	906	904	17060	234	1555	1555	NORM	PA_E	13	0
20131206-132201	15525	951137	4508765	1759866	2748899	1421225	20456	0	0	0	0	0	0	0	0	1	1	1	0	1	0	0	0	122	0	0	0	0	0	0	0	17060	57	284	284	NORM	PA_E	13	0
20131206-132204	15525	951137	4508769	1759867	2748902	1421225	20456	0	0	0	0	0	0	0	0	1	1	1	0	1	0	0	0	122	0	0	0	0	0	0	0	17067	36	257	213	NORM	PA_E	13	0
20131206-132208	15525	951137	4508769	1759867	2748902	1421225	20456	0	0	0	0	0	0	0	0	1	1	1	0	1	0	0	0	122	0	0	0	0	0	0	0	17067	15	133	133	NORM	PA_E	13	0
20131206-132212	15525	951137	4508769	1759867	2748902	1421225	20456	0	0	0	0	0	0	0	0	1	1	1	0	1	0	0	0	122	0	246	1859	0	0	646	642	17055	141	1004	1004	NORM	PA_E	13	0
20131206-132216	15525	951137	4508769	1759867	2748902	1421225	20456	0	0	0	0	0	0	0	0	1	1	1	0	1	0	0	0	122	0	320	1918	0	0	640	642	17055	159	1057	1057	NORM	PA_E	13	0
20131206-132219	15525	951137	4508769	1759867	2748902	1421225	20456	0	0	0	0	0	0	0	0	1	1	1	0	1	0	0	0	122	0	315	1922	0	0	632	633	17051	165	1102	1102	NORM	PA_E	13	0
20131206-132223	15525	951137	4508769	1759867	2748902	1421225	20456	0	0	0	0	0	0	0	0	1	1	1	0	1	0	0	0	122	0	0	0	0	0	0	0	17064	26	177	177	NORM	PA_E	13	0
20131206-132227	15525	951137	4508769	1759867	2748902	1421225	20456	0	0	0	0	0	0	0	0	1	1	1	0	1	0	0	0	122	0	0	0	0	0	0	0	17060	24	168	168	NORM	PA_E	13	0
20131206-132231	15525	951137	4508769	1759867	2748902	1421225	20456	0	0	0	0	0	0	0	0	1	1	1	0	1	0	0	0	122	0	0	0	257	0	65418	65415	17066	27	195	195	NORM	PA_E	13	0
20131206-132234	15525	951137	4508769	1759867	2748902	1421225	20456	0	0	0	0	0	0	0	1	1	1	1	0	1	0	0	0	122	0	64797	0	4304	0	64035	64128	17073	141	924	924	NORM	PA_E	13	0
20131206-132238	15525	951137	4508769	1759867	2748902	1421225	20456	0	0	0	0	0	0	0	1	1	1	1	0	1	0	0	0	122	0	64201	0	7774	0	62818	62816	17075	248	1653	1653	NORM	PA_E	13	0
20131206-132242	15525	951137	4508769	1759867	2748902	1421225	20456	0	0	0	0	0	0	0	1	1	1	1	0	1	0	0	0	122	0	64753	0	4561	0	64584	64582	17063	96	453	453	NORM	PA_E	13	0
20131206-132245	15525	951137	4508769	1759867	2748902	1421225	20456	0	0	0	0	0	0	0	1	1	1	1	0	1	0	0	0	122	0	65239	0	1734	0	64927	64930	17075	6	97	88	NORM	PA_E	13	0
20131206-132249	15525	951137	4508769	1759867	2748902	1421225	20456	0	0	0	0	0	0	0	1	1	1	1	0	1	0	0	0	122	0	65283	0	1477	0	65318	65321	17072	6	124	124	NORM	PA_E	13	0
20131206-132253	15525	951137	4508769	1759867	2748902	1421225	20456	0	0	0	0	0	0	0	1	1	1	1	0	1	0	0	0	122	0	65438	0	578	0	65325	65322	17067	12	142	142	NORM	PA_E	13	0
20131206-132257	15525	951137	4508769	1759867	2748902	1421225	20456	0	0	0	0	0	0	0	1	1	1	1	0	1	0	0	0	122	0	65172	0	3084	0	64357	63954	17066	39	284	408	NORM	PA_E	13	0
20131206-132300	15525	951137	4508769	1759867	2748902	1421225	20456	0	0	0	0	0	0	0	1	1	1	1	0	1	0	0	0	122	0	62997	0	14777	0	60309	60302	17082	180	1199	1199	NORM	PA_E	13	0
20131206-132304	15525	951137	4508770	1759868	2748902	1421225	20456	0	0	0	0	0	0	0	1	1	1	1	0	1	0	0	0	122	0	63581	0	11372	11372	0	0	17073	37	257	248	NORM	PA_E	13	0
20131206-132308	15525	951137	4508770	1759868	2748902	1421225	20456	0	0	0	0	0	0	0	0	1	1	1	1	1	1	0	0	121	0	63970	0	9187	9123	0	0	17060	36	257	257	NORM	CH_I	14	0
20131206-132312	15525	951137	4508770	1759868	2748902	1421225	20456	0	0	0	0	0	0	0	0	1	1	1	1	1	1	0	0	121	0	63970	0	9187	9187	0	0	17064	35	231	231	NORM	CH_E	14	0
20131206-132315	15525	951137	4508770	1759868	2748902	1421225	20456	0	0	0	0	0	0	0	0	1	1	1	1	1	1	0	0	121	0	63958	0	9252	9252	0	0	17054	36	231	231	NORM	CH_E	14	0
20131206-132319	15525	951137	4508770	1759868	2748902	1421225	20456	0	0	0	0	0	0	0	0	1	1	1	1	1	1	0	0	121	0	63948	0	9252	9252	0	0	17057	40	275	275	NORM	CH_E	14	0
20131206-132323	15525	951137	4508770	1759868	2748902	1421225	20456	0	0	0	0	0	0	0	0	1	1	1	1	1	1	0	0	120	0	63949	0	9380	9380	0	0	17055	48	328	328	NORM	CH_E	14	0
20131206-132326	15525	951137	4508770	1759868	2748902	1421225	20456	0	0	0	0	0	0	0	0	1	1	1	1	1	1	0	0	120	0	63949	0	9444	9444	0	0	17055	48	328	328	NORM	CH_E	14	0
20131206-132330	15525	951137	4508770	1759868	2748902	1421225	20456	0	0	0	0	0	0	0	0	1	1	1	1	1	1	0	0	120	0	63938	0	9444	9444	0	0	17051	48	328	328	NORM	CH_E	14	0
20131206-132334	15525	951137	4508770	1759868	2748902	1421225	20456	0	0	0	0	0	0	0	0	1	1	1	1	1	1	0	0	119	0	63950	0	9444	9444	0	0	17048	45	311	311	NORM	CH_E	14	0
20131206-132337	15525	951137	4508770	1759868	2748902	1421225	20456	0	0	0	0	0	0	0	0	1	1	1	1	1	1	0	0	119	0	63939	0	9509	9444	0	0	17063	45	311	311	NORM	CH_E	14	0
20131206-132341	15525	951137	4508770	1759868	2748902	1421225	20456	0	0	0	0	0	0	0	0	1	1	1	1	1	1	0	0	119	0	63939	0	9509	9509	0	0	17048	45	311	311	NORM	CH_E	14	0
20131206-132345	15525	951137	4508770	1759868	2748902	1421225	20456	0	0	0	0	0	0	0	0	1	1	1	1	1	1	0	0	119	0	63939	0	9509	9509	0	0	17063	45	311	311	NORM	CH_E	14	0
20131206-132349	15525	951137	4508770	1759868	2748902	1421225	20456	0	0	0	0	0	0	0	0	1	1	1	1	1	1	0	0	119	0	63939	0	9509	9509	0	0	17049	39	266	266	NORM	CH_E	14	0
20131206-132352	15525	951137	4508770	1759868	2748902	1421225	20456	0	0	0	0	0	0	0	0	1	1	1	1	1	1	0	0	119	0	63939	0	9509	9509	0	0	17054	38	266	266	NORM	CH_E	14	0
20131206-132356	15525	951137	4508770	1759868	2748902	1421225	20456	0	0	0	0	0	0	0	0	1	1	1	1	1	1	0	0	119	0	63939	0	9509	9509	0	0	17055	39	266	266	NORM	CH_E	14	0
20131206-132400	15525	951137	4508770	1759868	2748902	1421225	20456	0	0	0	0	0	0	0	0	1	1	1	1	1	1	0	0	119	0	63886	0	9701	9701	0	0	17057	45	311	311	NORM	CH_E	14	0
20131206-132403	15525	951137	4508771	1759868	2748903	1421225	20456	0	0	0	0	0	0	0	1	0	1	1	1	1	1	0	0	119	0	63929	0	9573	9573	0	0	17063	30	213	213	NORM	FIM_M	14	0
20131206-132407	15525	951137	4508771	1759868	2748903	1421225	20456	0	0	0	0	0	0	0	1	0	1	1	1	1	1	0	0	119	0	63874	0	9894	9894	0	0	17057	30	213	213	NORM	N_D	14	0
20131206-132411	15525	951137	4508771	1759868	2748903	1421225	20456	0	0	0	0	0	0	0	1	0	1	1	1	1	1	0	0	119	0	63874	0	9830	9830	0	0	17051	27	195	195	NORM	N_D	0	0
20131206-132414	15525	951137	4508771	1759868	2748903	1421225	20456	0	0	0	0	0	0	0	1	0	1	1	1	1	1	0	0	119	0	63918	0	9637	9637	0	0	17055	26	195	195	NORM	N_D	0	0
20131206-132418	15525	951137	4508771	1759868	2748903	1421225	20456	0	0	0	0	0	0	0	1	0	1	1	1	1	1	0	0	119	0	63939	0	9444	9444	0	0	17057	27	195	195	NORM	N_D	0	0
20131206-132422	15525	951137	4508771	1759868	2748903	1421225	20456	0	0	0	0	0	0	0	1	0	1	1	1	1	1	0	0	118	0	63952	0	9509	9509	0	0	17051	27	195	195	NORM	N_D	0	0
20131206-132426	15525	951137	4508771	1759868	2748903	1421225	20456	0	0	0	0	0	0	0	1	0	1	1	1	1	1	0	0	118	0	63952	0	9444	9444	0	0	17064	27	195	195	NORM	N_D	0	0
20131206-132429	15525	951137	4508771	1759868	2748903	1421225	20456	0	0	0	0	0	0	0	1	0	1	1	1	1	1	0	0	118	0	63963	0	9444	9444	0	0	17033	27	195	195	NORM	N_D	0	0
20131206-132433	15525	951137	4508771	1759868	2748903	1421225	20456	0	0	0	0	0	0	0	1	0	1	1	1	1	1	0	0	118	0	63963	0	9444	9444	0	0	17060	27	195	195	NORM	N_D	0	0
20131206-132437	15525	951137	4508771	1759868	2748903	1421225	20456	0	0	0	0	0	0	0	1	0	1	1	1	1	1	0	0	118	0	63963	0	9444	9444	0	0	17046	26	195	195	NORM	N_D	0	0
20131206-132440	15525	951137	4508771	1759868	2748903	1421225	20456	0	0	0	0	0	0	0	1	0	1	1	1	1	1	0	0	118	0	63963	0	9380	9380	0	0	17048	29	204	213	NORM	N_D	0	0
20131206-132444	15525	951137	4508771	1759868	2748903	1421225	20456	0	0	0	0	0	0	0	1	0	1	1	1	1	1	0	0	118	0	63963	0	9444	9380	0	0	17041	20	151	151	NORM	N_D	0	0
20131206-132448	15525	951137	4508771	1759868	2748903	1421225	20456	0	0	0	0	0	0	0	1	0	1	1	1	1	1	0	0	118	0	63963	0	9444	9444	0	0	17061	12	124	124	NORM	N_D	0	0
20131206-132451	15525	951137	4508771	1759868	2748903	1421225	20456	0	0	0	0	0	0	0	1	0	1	1	1	1	1	0	0	118	0	63973	0	9380	9380	0	0	17052	12	133	133	NORM	N_D	0	0
20131206-132455	15525	951137	4508771	1759868	2748903	1421225	20456	0	0	0	0	0	0	0	1	0	1	1	1	1	1	0	0	118	0	63973	0	9444	9444	0	0	17061	12	133	133	NORM	N_D	0	0
20131206-132459	15525	951137	4508771	1759868	2748903	1421225	20456	0	0	0	0	0	0	0	1	0	1	1	1	1	1	0	0	118	0	63985	0	9316	9316	0	0	17048	0	97	97	NORM	N_D	0	0
20131206-132502	15525	951137	4508771	1759868	2748903	1421225	20456	0	0	0	0	0	0	0	1	0	1	1	1	1	1	0	0	118	0	63973	0	9380	9316	0	0	17060	0	88	88	NORM	N_D	0	0
20131206-132506	15525	951137	4508772	1759868	2748904	1421225	20456	0	0	0	0	0	0	0	1	0	1	1	1	1	1	0	0	118	0	63973	0	9316	9316	0	0	17055	0	88	88	NORM	N_D	0	0
20131206-132510	15525	951137	4508772	1759868	2748904	1421225	20456	0	0	0	0	0	0	0	1	0	1	1	1	1	1	0	0	118	0	63963	0	9444	9380	0	0	17057	0	88	88	NORM	N_D	0	0
20131206-132514	15525	951137	4508772	1759868	2748904	1421225	20456	0	0	0	0	0	0	0	1	0	1	1	1	1	1	0	0	118	0	63963	0	9444	9509	0	0	17055	0	88	88	NORM	N_D	0	0
20131206-132517	15525	951137	4508772	1759868	2748904	1421225	20456	0	0	0	0	0	0	0	1	0	1	1	1	1	1	0	0	118	0	63952	0	9509	9509	0	0	17052	12	133	133	NORM	N_D	0	0
20131206-132521	15525	951137	4508772	1759868	2748904	1421225	20456	0	0	0	0	0	0	0	1	0	1	1	1	1	1	0	0	118	0	63952	0	9509	9509	0	0	17061	18	159	159	NORM	N_D	0	0
20131206-132525	15525	951137	4508772	1759868	2748904	1421225	20456	0	0	0	0	0	0	0	1	0	1	1	1	1	1	0	0	117	0	63954	0	9509	9509	0	0	17058	25	177	177	NORM	N_D	0	0
20131206-132528	15525	951137	4508772	1759868	2748904	1421225	20456	0	0	0	0	0	0	0	1	0	1	1	1	1	1	0	0	118	0	63963	0	9509	9509	0	0	17051	25	177	177	NORM	N_D	0	0
20131206-132532	15525	951137	4508772	1759868	2748904	1421225	20456	0	0	0	0	0	0	0	1	0	1	1	1	1	1	0	0	117	0	63965	0	9509	9509	0	0	17061	25	177	177	NORM	N_D	0	0
20131206-132536	15525	951137	4508772	1759868	2748904	1421225	20456	0	0	0	0	0	0	0	1	0	1	1	1	1	1	0	0	117	0	63965	0	9509	9509	0	0	17055	25	177	177	NORM	N_D	0	0
20131206-132539	15525	951137	4508772	1759868	2748904	1421225	20456	0	0	0	0	0	0	0	1	0	1	1	1	1	1	0	0	117	0	63965	0	9509	9509	0	0	17060	19	142	142	NORM	N_D	0	0
20131206-132543	15525	951137	4508772	1759868	2748904	1421225	20456	0	0	0	0	0	0	0	1	0	1	1	1	1	1	0	0	117	0	63954	0	9573	9573	0	0	17057	19	142	142	NORM	N_D	0	0
20131206-132547	15525	951137	4508772	1759868	2748904	1421225	20456	0	0	0	0	0	0	0	1	0	1	1	1	1	1	0	0	117	0	63965	0	9509	9509	0	0	17054	25	177	177	NORM	N_D	0	0
20131206-132551	15525	951137	4508772	1759868	2748904	1421225	20456	0	0	0	0	0	0	0	1	0	1	1	1	1	1	0	0	117	0	63965	0	9573	9573	0	0	17058	25	177	177	NORM	N_D	0	0
20131206-132554	15525	951137	4508772	1759868	2748904	1421225	20456	0	0	0	0	0	0	0	1	0	1	1	1	1	1	0	0	117	0	63954	0	9573	9509	0	0	17046	25	177	177	NORM	N_D	0	0
20131206-132558	15525	951137	4508772	1759868	2748904	1421225	20456	0	0	0	0	0	0	0	1	0	1	1	1	1	1	0	0	117	0	63954	0	9573	9573	0	0	17060	24	177	177	NORM	N_D	0	0
20131206-132602	15525	951137	4508772	1759868	2748904	1421225	20456	0	0	0	0	0	0	0	1	0	1	1	1	1	1	0	0	117	0	63954	0	9509	9509	0	0	17051	21	151	151	NORM	N_D	0	0
20131206-132605	15525	951137	4508772	1759868	2748904	1421225	20456	0	0	0	0	0	0	0	1	0	1	1	1	1	1	0	0	117	0	63954	0	9573	9573	0	0	17049	21	159	159	NORM	N_D	0	0
20131206-132609	15525	951137	4508772	1759868	2748904	1421225	20456	0	0	0	0	0	0	0	1	0	1	1	1	1	1	0	0	117	0	63954	0	9573	9573	0	0	17045	21	159	159	NORM	N_D	0	0
20131206-132613	15525	951137	4508772	1759868	2748904	1421225	20456	0	0	0	0	0	0	0	1	0	1	1	1	1	1	0	0	117	0	63954	0	9637	9637	0	0	17058	21	151	151	NORM	N_D	0	0
20131206-132616	15525	951137	4508772	1759868	2748904	1421225	20456	0	0	0	0	0	0	0	1	0	1	1	1	1	1	0	0	117	0	63944	0	9637	9637	0	0	17054	15	133	133	NORM	N_D	0	0
20131206-132620	15525	951137	4508772	1759868	2748904	1421225	20456	0	0	0	0	0	0	0	1	0	1	1	1	1	1	0	0	117	0	63954	0	9637	9637	0	0	17054	12	133	124	NORM	N_D	0	0
20131206-132624	15525	951137	4508772	1759868	2748904	1421225	20456	0	0	0	0	0	0	0	1	0	1	1	1	1	1	0	0	117	0	63954	0	9573	9573	0	0	17046	1	97	97	NORM	N_D	0	0
20131206-132628	15525	951137	4508772	1759868	2748904	1421225	20456	0	0	0	0	0	0	0	1	0	1	1	1	1	1	0	0	117	0	63954	0	9573	9573	0	0	17049	0	97	97	NORM	N_D	0	0
20131206-132631	15525	951137	4508772	1759868	2748904	1421225	20456	0	0	0	0	0	0	0	1	0	1	1	1	1	1	0	0	117	0	63954	0	9573	9573	0	0	17054	0	88	88	NORM	N_D	0	0
20131206-132635	15525	951137	4508772	1759868	2748904	1421225	20456	0	0	0	0	0	1	0	1	0	1	1	1	1	1	0	0	117	0	63954	0	9573	9573	0	0	17046	0	8	8	NORM	N_D	0	0
20131206-132639	15525	951137	4508772	1759868	2748904	1421225	20456	0	0	0	0	0	1	0	1	0	1	1	1	1	1	0	0	117	0	63954	0	9573	9573	0	0	3574	0	8	8	NORM	N_D	0	0
20131206-132642	15525	951137	4508772	1759868	2748904	1421225	20456	0	0	0	0	0	1	0	1	0	1	1	1	1	1	1	0	117	0	63954	0	9573	9573	0	0	1628	0	8	8	OFF	N_D	0	0
#eof
