20131204-155102	15533	951137	4501121	1757191	2743930	1420160	20432	0	0	0	0	0	0	0	0	1	1	1	0	1	0	0	0	131	0	63589	0	10601	1349	62032	62038	17362	986	6550	6550	NORM	PA_E	6	0
20131204-155106	15533	951137	4501121	1757191	2743930	1420160	20432	0	0	0	0	0	0	0	0	1	1	1	0	1	0	0	0	131	0	63624	0	10408	0	61651	61653	17368	982	6523	6523	NORM	PA_E	6	0
20131204-155110	15533	951137	4501121	1757191	2743930	1420160	20432	0	0	0	0	0	0	0	0	1	1	1	0	1	0	0	0	131	0	64534	0	5397	0	63898	63902	17350	455	2826	2826	NORM	PA_E	6	0
20131204-155114	15533	951137	4501121	1757191	2743930	1420160	20432	0	0	0	0	0	0	0	0	1	1	1	0	1	0	0	0	131	0	64676	0	4690	0	63775	63784	17337	387	2568	2559	NORM	PA_E	6	0
20131204-155117	15533	951137	4501121	1757191	2743930	1420160	20432	0	0	0	0	0	0	0	0	1	1	1	0	1	0	0	0	131	0	64676	0	4690	0	63807	63769	17338	366	2426	2426	NORM	PA_E	6	0
20131204-155121	15533	951137	4501121	1757191	2743930	1420160	20432	0	0	0	0	0	0	0	0	1	1	1	0	1	0	0	0	131	0	64322	0	6617	0	63078	63082	17320	479	3155	3155	NORM	PA_E	6	0
20131204-155125	15533	951137	4501121	1757191	2743930	1420160	20432	0	0	0	0	0	0	0	0	1	1	1	0	1	0	0	0	131	0	64322	0	6617	0	63059	63056	17316	432	2861	2844	NORM	PA_E	6	0
20131204-155128	15533	951137	4501121	1757191	2743930	1420160	20432	0	0	0	0	0	0	0	0	1	1	1	0	1	0	0	0	131	0	63435	0	11436	0	61662	61586	17320	582	3884	3884	NORM	PA_E	6	0
20131204-155132	15533	951137	4501121	1757191	2743930	1420160	20432	0	0	0	0	0	0	0	0	1	1	1	0	1	0	0	0	131	0	63660	0	10280	0	61734	62321	17301	441	2906	2666	NORM	PA_E	6	0
20131204-155136	15533	951137	4501121	1757191	2743930	1420160	20432	0	0	0	0	0	0	0	1	1	1	1	0	1	0	0	0	131	0	64262	0	6874	0	62983	62971	17295	240	1582	1582	NORM	PA_E	6	0
20131204-155140	15533	951137	4501122	1757202	2743920	1420160	20432	0	0	0	0	0	0	0	1	1	1	1	0	1	0	0	0	131	0	64262	0	6939	0	62974	62969	17228	200	1306	1306	NORM	PA_E	6	0
20131204-155143	15533	951137	4501122	1757202	2743920	1420160	20432	0	0	0	0	0	0	0	1	1	1	1	0	1	0	0	0	131	0	64014	0	8288	0	62447	62447	17232	177	1155	1155	NORM	PA_E	6	0
20131204-155147	15533	951137	4501122	1757202	2743920	1420160	20432	0	0	0	0	0	0	0	1	1	1	1	0	1	0	0	0	131	0	63542	0	11179	0	61357	61351	17223	137	897	897	NORM	PA_E	6	0
20131204-155151	15533	951137	4501122	1757202	2743920	1420160	20432	0	0	0	0	0	0	0	1	1	1	1	0	1	0	0	0	131	0	63460	0	11372	11372	0	0	17241	23	159	159	NORM	PA_E	6	0
20131204-155155	15533	951137	4501122	1757202	2743920	1420160	20432	0	0	0	0	0	0	0	1	1	1	1	0	1	1	0	0	130	0	63767	0	9701	8288	0	0	17248	24	168	168	NORM	PA_E	6	0
20131204-155158	15533	951137	4501122	1757202	2743920	1420160	20432	0	0	0	0	0	0	0	1	1	1	1	1	1	1	0	0	130	0	63967	0	8609	8609	0	0	17241	24	168	168	NORM	CH_I	7	0
20131204-155202	15533	951137	4501122	1757202	2743920	1420160	20432	0	0	0	0	0	0	0	1	1	1	1	1	1	1	0	0	130	0	63967	0	8609	8609	0	0	17227	24	168	168	NORM	CH_E	7	0
20131204-155206	15533	951137	4501122	1757202	2743920	1420160	20432	0	0	0	0	0	0	0	1	1	1	1	1	1	1	0	0	130	0	63967	0	8609	8609	0	0	17219	24	168	168	NORM	CH_E	7	0
20131204-155209	15533	951137	4501122	1757202	2743920	1420160	20432	0	0	0	0	0	0	0	1	1	1	1	1	1	1	0	0	130	0	63967	0	8609	8609	0	0	17213	24	168	168	NORM	CH_E	7	0
20131204-155213	15533	951137	4501122	1757202	2743920	1420160	20432	0	0	0	0	0	0	0	1	1	1	1	1	1	0	0	0	130	0	63967	0	8609	8609	0	0	17230	24	168	168	NORM	CH_E	7	0
20131204-155217	15533	951137	4501122	1757202	2743920	1420160	20432	0	0	0	0	0	0	0	1	1	1	1	1	1	0	0	0	130	0	63967	0	8673	8673	0	0	17238	25	177	177	NORM	CH_E	7	0
20131204-155220	15533	951137	4501122	1757202	2743920	1420160	20432	0	0	0	0	0	0	0	1	1	1	1	1	1	0	0	0	130	0	63967	0	8609	8609	0	0	17259	27	177	177	NORM	CH_E	7	0
20131204-155224	15533	951137	4501122	1757202	2743920	1420160	20432	0	0	0	0	0	0	0	1	1	1	1	0	1	0	0	0	129	0	1526	7043	0	0	3044	3056	17265	101	693	693	NORM	PA_I	7	0
20131204-155228	15533	951137	4501122	1757202	2743920	1420161	20432	0	0	0	0	0	0	0	1	1	1	1	0	1	0	0	0	129	0	1891	8730	0	0	3777	3769	17244	283	2017	2017	NORM	PA_E	7	0
20131204-155232	15533	951137	4501122	1757202	2743920	1420161	20432	0	0	0	0	0	0	0	1	1	1	1	0	1	0	0	0	129	0	1898	8761	0	0	3789	3805	17239	493	3288	3288	NORM	PA_E	7	0
20131204-155235	15533	951137	4501122	1757202	2743920	1420161	20432	0	0	0	0	0	0	0	1	1	1	1	0	1	0	0	0	129	0	1696	8797	0	0	3346	3294	17230	603	3990	3999	NORM	PA_E	7	0
20131204-155239	15533	951137	4501124	1757203	2743921	1420161	20432	0	0	0	0	0	0	0	1	1	1	1	0	1	0	0	0	129	0	1333	8768	0	0	2661	2651	17234	591	3928	3928	NORM	PA_E	7	0
20131204-155243	15533	951137	4501124	1757203	2743921	1420161	20432	0	0	0	0	0	0	0	0	1	1	1	0	1	0	0	0	129	0	1165	8901	0	0	2303	2253	17223	581	3813	3813	NORM	PA_E	7	0
20131204-155246	15533	951137	4501124	1757203	2743921	1420161	20432	0	0	0	0	0	0	0	0	1	1	1	0	1	0	0	0	129	0	1013	8760	0	0	2020	2006	17228	567	3759	3759	NORM	PA_E	7	0
20131204-155250	15533	951137	4501124	1757203	2743921	1420161	20432	0	0	0	0	0	0	0	0	1	1	1	0	1	0	0	0	129	0	915	8748	0	0	1821	1820	17231	564	3741	3741	NORM	PA_E	7	0
20131204-155254	15533	951137	4501124	1757203	2743921	1420161	20432	0	0	0	0	0	0	0	0	1	1	1	0	1	0	0	0	129	0	845	8776	0	0	1667	1680	17225	563	3724	3724	NORM	PA_E	7	0
20131204-155257	15533	951137	4501124	1757203	2743921	1420161	20432	0	0	0	0	0	0	0	0	1	1	1	0	1	0	0	0	129	0	782	8711	0	0	1557	1546	17216	560	3706	3706	NORM	PA_E	7	0
20131204-155301	15533	951137	4501124	1757203	2743921	1420161	20432	0	0	0	0	0	0	0	0	1	1	1	0	1	0	0	0	129	0	733	8782	0	0	1460	1461	17180	560	3715	3715	NORM	PA_E	7	0
20131204-155305	15533	951137	4501124	1757203	2743921	1420161	20432	0	0	0	0	0	0	0	0	1	1	1	0	1	0	0	0	129	0	690	8740	0	0	1372	1375	17165	559	3697	3697	NORM	PA_E	7	0
20131204-155309	15533	951137	4501124	1757203	2743921	1420161	20432	0	0	0	0	0	0	0	0	1	1	1	0	1	0	0	0	129	0	649	8705	0	0	1295	1293	17173	558	3688	3688	NORM	PA_E	7	0
20131204-155312	15533	951137	4501124	1757203	2743921	1420161	20432	0	0	0	0	0	0	0	0	1	1	1	0	1	0	0	0	129	0	370	5111	0	0	742	732	17182	359	2310	2310	NORM	PA_E	7	0
20131204-155316	15533	951137	4501124	1757203	2743921	1420161	20432	0	0	0	0	0	0	0	0	1	1	1	0	1	0	0	0	129	0	369	5329	0	0	631	6	17170	274	1973	1973	NORM	PA_E	7	0
20131204-155320	15533	951137	4501124	1757203	2743921	1420161	20432	0	0	0	0	0	0	0	0	1	1	1	0	1	0	0	0	129	0	0	0	0	0	0	0	17174	36	248	248	NORM	PA_E	7	0
20131204-155323	15533	951137	4501124	1757203	2743921	1420161	20432	0	0	0	0	0	0	0	0	1	1	1	0	1	0	0	0	129	0	0	0	0	0	65169	64383	17165	138	1599	1599	NORM	PA_E	7	0
20131204-155327	15533	951137	4501124	1757203	2743921	1420162	20432	0	0	0	0	0	0	0	0	1	1	1	0	1	0	0	0	129	0	63989	0	8545	0	62612	62607	17197	929	6150	6150	NORM	PA_E	7	0
20131204-155331	15533	951137	4501124	1757203	2743921	1420162	20432	0	0	0	0	0	0	0	0	1	1	1	0	1	0	0	0	129	0	64153	0	7645	0	62712	62719	17157	826	5466	5466	NORM	PA_E	7	0
20131204-155335	15533	951137	4501124	1757203	2743921	1420162	20432	0	0	0	0	0	0	0	0	1	1	1	0	1	0	0	0	129	0	63780	0	9830	0	61911	61902	17138	969	6470	6470	NORM	PA_E	7	0
20131204-155338	15533	951137	4501134	1757208	2743926	1420162	20432	0	0	0	0	0	0	0	0	1	1	1	0	1	0	0	0	129	0	63663	0	10665	0	61597	61596	17144	949	6283	6328	NORM	PA_E	7	0
20131204-155342	15533	951137	4501134	1757208	2743926	1420162	20432	0	0	0	0	0	0	0	0	1	1	1	0	1	0	0	0	129	0	63547	0	10986	0	61489	61499	17159	848	5635	5635	NORM	PA_E	7	0
20131204-155346	15533	951137	4501134	1757208	2743926	1420162	20432	0	0	0	0	0	0	0	0	1	1	1	0	1	0	0	0	129	0	63849	0	9316	0	62095	61974	17147	626	4115	4150	NORM	PA_E	7	0
20131204-155349	15533	951137	4501134	1757208	2743926	1420162	20432	0	0	0	0	0	0	0	0	1	1	1	0	1	0	0	0	129	0	63815	0	9509	0	62053	62077	17121	518	3395	3395	NORM	PA_E	7	0
20131204-155353	15533	951137	4501134	1757208	2743926	1420162	20432	0	0	0	0	0	0	0	0	1	1	1	0	1	0	0	0	129	0	63710	0	10087	0	61834	61829	17136	436	2861	2817	NORM	PA_E	7	0
20131204-155357	15533	951137	4501134	1757208	2743926	1420162	20432	0	0	0	0	0	0	0	1	1	1	1	0	1	0	0	0	129	0	63710	0	10087	0	61838	61858	17112	316	2070	2070	NORM	PA_E	7	0
20131204-155401	15533	951137	4501134	1757208	2743926	1420162	20432	0	0	0	0	0	0	0	1	1	1	1	0	1	0	0	0	129	0	64071	0	8095	0	62210	62200	17096	180	1191	1191	NORM	PA_E	7	0
20131204-155404	15533	951137	4501134	1757208	2743926	1420162	20432	0	0	0	0	0	0	0	1	1	1	1	0	1	0	0	0	129	0	62965	0	14199	0	60327	61075	17097	117	604	604	NORM	PA_E	7	0
20131204-155408	15533	951137	4501134	1757208	2743926	1420162	20432	0	0	0	0	0	0	0	1	1	1	1	0	1	1	0	0	129	0	63443	0	11565	11500	0	0	17092	33	222	222	NORM	PA_E	7	0
20131204-155412	15533	951137	4501134	1757208	2743926	1420162	20432	0	0	0	0	0	0	0	1	1	1	1	1	1	1	0	0	129	0	63920	0	8866	8866	0	0	17108	33	222	222	NORM	CH_I	8	0
20131204-155415	15533	951137	4501134	1757208	2743926	1420162	20432	0	0	0	0	0	0	0	1	1	1	1	1	1	1	0	0	129	0	63920	0	8930	8930	0	0	17177	37	257	257	NORM	CH_E	8	0
20131204-155419	15533	951137	4501134	1757208	2743926	1420162	20432	0	0	0	0	0	0	0	1	1	1	1	1	1	1	0	0	129	0	63920	0	8930	8930	0	0	17209	37	257	257	NORM	CH_E	8	0
20131204-155423	15533	951137	4501134	1757208	2743926	1420162	20432	0	0	0	0	0	0	0	1	1	1	1	1	1	0	0	0	129	0	63920	0	8930	8866	0	0	17246	37	257	257	NORM	CH_E	8	0
20131204-155427	15533	951137	4501134	1757208	2743926	1420162	20432	0	0	0	0	0	0	0	1	1	1	1	1	1	0	0	0	129	0	63931	0	8866	8866	0	0	17096	45	302	302	NORM	CH_E	8	0
20131204-155430	15533	951137	4501134	1757208	2743926	1420162	20432	0	0	0	0	0	0	0	1	1	1	1	1	1	0	0	0	129	0	63943	0	8802	8802	0	0	17088	45	302	302	NORM	CH_E	8	0
20131204-155434	15533	951137	4501134	1757208	2743926	1420162	20432	0	0	0	0	0	0	0	1	1	1	1	1	1	0	0	0	129	0	63943	0	8802	8802	0	0	17241	37	257	257	NORM	CH_E	8	0
20131204-155438	15533	951137	4501134	1757208	2743926	1420162	20432	0	0	0	0	0	0	0	1	1	1	1	1	1	0	0	0	129	0	63943	0	8802	8802	0	0	17234	30	213	213	NORM	CH_E	8	0
20131204-155441	15533	951137	4501135	1757215	2743920	1420162	20432	0	0	0	0	0	0	0	1	1	1	1	1	1	0	0	0	128	0	63966	0	8738	8738	0	0	17231	27	195	195	NORM	CH_E	8	0
20131204-155445	15533	951137	4501135	1757215	2743920	1420162	20432	0	0	0	0	0	0	0	1	1	1	1	1	1	0	0	0	129	0	63954	0	8738	8738	0	0	17240	28	204	204	NORM	CH_E	8	0
20131204-155449	15533	951137	4501135	1757215	2743920	1420162	20432	0	0	0	0	0	0	0	1	1	1	1	1	1	0	0	0	128	0	63966	0	8738	8738	0	0	17252	33	222	222	NORM	CH_E	8	0
20131204-155453	15533	951137	4501135	1757215	2743920	1420162	20432	0	0	0	0	0	0	0	1	1	1	1	1	1	0	0	0	128	0	63989	0	8609	8673	0	0	17251	26	177	177	NORM	CH_E	8	0
20131204-155456	15533	951137	4501135	1757215	2743920	1420162	20432	0	0	0	0	0	0	0	1	1	1	1	1	1	0	0	0	128	0	1810	8662	0	0	3624	4262	17238	101	675	773	NORM	CH_E	8	0
20131204-155500	15533	951137	4501135	1757215	2743920	1420162	20432	0	0	0	0	0	0	0	1	1	1	1	0	1	0	0	0	128	0	2567	12036	0	0	5122	5154	17254	407	2764	2764	NORM	PA_I	8	0
20131204-155504	15533	951137	4501135	1757215	2743920	1420162	20432	0	0	0	0	0	0	0	1	1	1	1	0	1	0	0	0	128	0	2570	12049	0	0	5130	5141	17248	719	4835	4835	NORM	PA_E	8	0
20131204-155507	15533	951137	4501135	1757215	2743920	1420162	20432	0	0	0	0	0	0	0	1	1	1	1	0	1	0	0	0	128	0	2373	13704	0	0	4551	4571	17231	914	6097	6097	NORM	PA_E	8	0
20131204-155511	15533	951137	4501135	1757215	2743920	1420162	20432	0	0	0	0	0	0	0	0	1	1	1	0	1	0	0	0	128	0	1845	13671	0	0	3647	3604	17192	894	5910	5910	NORM	PA_E	8	0
20131204-155515	15533	951137	4501135	1757215	2743920	1420162	20432	0	0	0	0	0	0	0	0	1	1	1	0	1	0	0	0	128	0	1577	13685	0	0	3117	3115	17197	878	5839	5839	NORM	PA_E	8	0
20131204-155518	15533	951137	4501135	1757215	2743920	1420162	20432	0	0	0	0	0	0	0	0	1	1	1	0	1	0	0	0	128	0	1526	14932	0	0	3166	3208	17176	954	6363	6363	NORM	PA_E	8	0
20131204-155522	15533	951137	4501135	1757215	2743920	1420162	20432	0	0	0	0	0	0	0	0	1	1	1	0	1	0	0	0	128	0	1494	16358	0	0	2964	2959	17162	1049	6977	6977	NORM	PA_E	8	0
20131204-155526	15533	951137	4501135	1757215	2743920	1420162	20432	0	0	0	0	0	0	0	0	1	1	1	0	1	0	0	0	128	0	1339	16374	0	0	2661	2670	17158	1040	6906	6906	NORM	PA_E	8	0
20131204-155529	15533	951137	4501135	1757215	2743920	1420163	20432	0	0	0	0	0	0	0	0	1	1	1	0	1	0	0	0	128	0	1229	16400	0	0	2449	2426	17153	1031	6826	6826	NORM	PA_E	8	0
20131204-155533	15533	951137	4501135	1757215	2743920	1420163	20432	0	0	0	0	0	0	0	0	1	1	1	0	1	0	0	0	128	0	1129	16340	0	0	2252	2256	17147	1029	6835	6835	NORM	PA_E	8	0
20131204-155537	15533	951137	4501135	1757215	2743920	1420163	20432	0	0	0	0	0	0	0	0	1	1	1	0	1	0	0	0	128	0	913	14148	0	0	1828	1817	17155	900	5901	5901	NORM	PA_E	8	0
20131204-155541	15533	951137	4501151	1757215	2743936	1420163	20432	0	0	0	0	0	0	0	0	1	1	1	0	1	0	0	0	128	0	755	12320	0	0	1500	1488	17150	771	5075	5066	NORM	PA_E	8	0
20131204-155544	15533	951137	4501151	1757215	2743936	1420163	20432	0	0	0	0	0	0	0	0	1	1	1	0	1	0	0	0	128	0	0	0	0	0	0	0	17198	12	124	124	NORM	PA_E	8	0
20131204-155548	15533	951137	4501151	1757215	2743936	1420163	20432	0	0	0	0	0	0	0	0	1	1	1	0	1	0	0	0	128	0	0	0	0	0	0	0	17201	7	115	115	NORM	PA_E	8	0
20131204-155552	15533	951137	4501151	1757215	2743936	1420163	20432	0	0	0	0	0	0	0	0	1	1	1	0	1	0	0	0	128	0	0	0	0	0	0	0	17195	16	133	133	NORM	PA_E	8	0
20131204-155555	15533	951137	4501151	1757215	2743936	1420163	20432	0	0	0	0	0	0	0	0	1	1	1	0	1	0	0	0	128	0	0	0	0	0	0	0	17203	17	133	133	NORM	PA_E	8	0
20131204-155559	15533	951137	4501151	1757215	2743936	1420163	20432	0	0	0	0	0	0	0	0	1	1	1	0	1	0	0	0	128	0	65272	0	1477	0	65535	65534	17210	109	568	568	NORM	PA_E	8	0
20131204-155603	15533	951137	4501151	1757215	2743936	1420163	20432	0	0	0	0	0	0	0	0	1	1	1	0	1	0	0	0	128	0	0	0	0	0	0	0	17203	23	168	168	NORM	PA_E	8	0
20131204-155607	15533	951137	4501151	1757215	2743936	1420164	20432	0	0	0	0	0	0	0	0	1	1	1	0	1	0	0	0	128	0	0	0	0	0	0	0	17212	24	168	168	NORM	PA_E	8	0
20131204-155610	15533	951137	4501151	1757215	2743936	1420164	20432	0	0	0	0	0	0	0	0	1	1	1	0	1	0	0	0	128	0	0	0	0	0	0	0	17209	24	168	168	NORM	PA_E	8	0
20131204-155614	15533	951137	4501151	1757215	2743936	1420164	20432	0	0	0	0	0	0	0	0	1	1	1	0	1	0	0	0	128	0	0	0	0	0	0	0	17284	24	168	168	NORM	PA_E	8	0
20131204-155618	15533	951137	4501151	1757215	2743936	1420164	20432	0	0	0	0	0	0	0	0	1	1	1	0	1	0	0	0	128	0	0	0	0	0	0	0	17275	24	168	168	NORM	PA_E	8	0
20131204-155622	15533	951137	4501151	1757215	2743936	1420164	20432	0	0	0	0	0	0	0	0	1	1	1	0	1	0	0	0	128	0	0	0	0	0	0	0	17276	24	168	168	NORM	PA_E	8	0
20131204-155625	15533	951137	4501151	1757215	2743936	1420164	20432	0	0	0	0	0	0	0	0	1	1	1	0	1	0	0	0	128	0	0	0	0	0	0	0	17255	23	168	168	NORM	PA_E	8	0
20131204-155629	15533	951137	4501151	1757215	2743936	1420164	20432	0	0	0	0	0	0	0	0	1	1	1	0	1	0	0	0	128	0	0	0	0	0	0	0	17284	19	142	142	NORM	PA_E	8	0
20131204-155633	15533	951137	4501151	1757215	2743936	1420164	20432	0	0	0	0	0	0	0	0	1	1	1	0	1	0	0	0	128	0	0	0	0	0	0	0	17272	19	142	151	NORM	PA_E	8	0
20131204-155637	15533	951137	4501151	1757215	2743936	1420165	20432	0	0	0	0	0	0	0	0	1	1	1	0	1	0	0	0	128	0	0	0	0	0	0	0	17286	18	151	151	NORM	PA_E	8	0
20131204-155640	15533	951137	4501153	1757215	2743938	1420165	20432	0	0	0	0	0	0	0	0	1	1	1	0	1	0	0	0	128	0	0	0	0	0	0	0	17295	18	142	142	NORM	PA_E	8	0
20131204-155644	15533	951137	4501153	1757215	2743938	1420165	20432	0	0	0	0	0	0	0	0	1	1	1	0	1	0	0	0	128	0	847	14460	0	0	1744	1813	17227	837	5732	5963	NORM	PA_E	8	0
20131204-155648	15533	951137	4501153	1757215	2743938	1420165	20432	0	0	0	0	0	0	0	0	1	1	1	0	1	0	0	0	128	0	952	16336	0	0	1894	1898	17213	1025	6799	6799	NORM	PA_E	8	0
20131204-155651	15533	951137	4501153	1757215	2743938	1420165	20432	0	0	0	0	0	0	0	0	1	1	1	0	1	0	0	0	128	0	0	0	0	0	0	0	17270	39	177	177	NORM	PA_E	8	0
20131204-155655	15533	951137	4501153	1757215	2743938	1420165	20432	0	0	0	0	0	1	0	0	1	1	1	0	1	0	0	0	128	0	0	0	0	0	0	0	17271	0	8	8	NORM	PA_E	8	0
20131204-155659	15533	951137	4501153	1757215	2743938	1420165	20432	0	0	0	0	0	1	0	0	1	1	1	0	1	0	0	0	128	0	0	0	0	0	0	0	2837	0	8	8	NORM	PA_E	8	0
20131204-155703	15533	951137	4501153	1757215	2743938	1420165	20432	0	0	0	0	0	1	0	0	1	1	1	0	1	0	0	0	128	0	0	0	0	0	0	0	16854	190	1306	1306	NORM	PA_E	8	0
20131204-155706	15533	951137	4501153	1757215	2743938	1420165	20432	0	0	0	0	0	0	0	0	1	1	1	0	1	0	0	0	128	0	0	0	0	0	0	0	16920	13	71	71	NORM	PA_E	8	0
20131204-155710	15533	951137	4501153	1757215	2743938	1420165	20432	0	0	0	0	0	0	0	0	1	1	1	0	1	0	0	0	128	0	0	0	0	0	0	0	16915	0	35	35	NORM	PA_E	8	0
20131204-155714	15533	951137	4501153	1757215	2743938	1420166	20432	0	0	0	0	0	0	0	0	1	1	1	0	1	0	0	0	128	0	0	0	0	0	0	0	16914	0	79	79	NORM	PA_E	8	0
20131204-155718	15533	951137	4501153	1757215	2743938	1420166	20432	0	0	0	0	0	0	0	0	1	1	1	0	1	0	0	0	128	0	0	0	0	0	0	0	16911	0	88	88	NORM	PA_E	8	0
20131204-155721	15533	951137	4501153	1757215	2743938	1420166	20432	0	0	0	0	0	0	0	0	1	1	1	0	1	0	0	0	128	0	0	0	0	0	0	0	16921	60	417	417	NORM	PA_E	8	0
20131204-155725	15533	951137	4501153	1757215	2743938	1420166	20432	0	0	0	0	0	0	0	0	1	1	1	0	1	0	0	0	128	0	0	0	0	0	0	0	16912	61	399	399	NORM	PA_E	8	0
20131204-155729	15533	951137	4501153	1757215	2743938	1420166	20432	0	0	0	0	0	0	0	0	1	1	1	0	1	0	0	0	128	0	529	7572	0	0	1071	1071	16894	499	3421	3475	NORM	PA_E	8	0
20131204-155733	15533	951137	4501153	1757215	2743938	1420166	20432	0	0	0	0	0	0	0	0	1	1	1	0	1	0	0	0	128	0	682	9816	0	0	1398	1400	16880	636	4301	4301	NORM	PA_E	8	0
20131204-155736	15533	951137	4501153	1757215	2743938	1420166	20432	0	0	0	0	0	0	0	0	1	1	1	0	1	0	0	0	128	0	1117	16361	0	0	2216	2219	16850	1066	7083	7083	NORM	PA_E	8	0
20131204-155740	15533	951137	4501159	1757215	2743944	1420166	20432	0	0	0	0	0	0	0	0	1	1	1	0	1	0	0	0	128	0	1079	16330	0	0	2148	2153	16859	1057	7039	7039	NORM	PA_E	8	0
20131204-155744	15533	951137	4501159	1757215	2743944	1420166	20432	0	0	0	0	0	0	0	0	1	1	1	0	1	0	0	0	128	0	845	12656	0	0	1589	1603	16872	847	5484	5484	NORM	PA_E	8	0
20131204-155747	15533	951137	4501159	1757215	2743944	1420166	20432	0	0	0	0	0	0	0	0	1	1	1	0	1	0	0	0	128	0	708	11345	0	0	1356	1357	16885	716	4746	4746	NORM	PA_E	8	0
20131204-155751	15533	951137	4501159	1757215	2743944	1420167	20432	0	0	0	0	0	0	0	0	1	1	1	0	1	0	0	0	128	0	538	8824	0	0	1073	1080	16888	594	3821	3821	NORM	PA_E	8	0
20131204-155755	15533	951137	4501159	1757215	2743944	1420167	20432	0	0	0	0	0	0	0	0	1	1	1	0	1	0	0	0	128	0	586	9752	0	0	1174	1174	16887	632	4186	4186	NORM	PA_E	8	0
20131204-155758	15533	951137	4501159	1757215	2743944	1420167	20432	0	0	0	0	0	0	0	0	1	1	1	0	1	0	0	0	128	0	582	9764	0	0	1162	1169	16872	633	4212	4212	NORM	PA_E	8	0
20131204-155802	15533	951137	4501159	1757215	2743944	1420167	20432	0	0	0	0	0	0	0	0	1	1	1	0	1	0	0	0	128	0	581	9744	0	0	1161	1161	16869	623	4133	4133	NORM	PA_E	8	0
20131204-155806	15533	951137	4501159	1757215	2743944	1420167	20432	0	0	0	0	0	0	0	0	1	1	1	0	1	0	0	0	128	0	520	8721	0	0	1042	1049	16869	567	3759	3759	NORM	PA_E	8	0
20131204-155810	15533	951137	4501159	1757215	2743944	1420167	20432	0	0	0	0	0	0	0	0	1	1	1	0	1	0	0	0	128	0	353	5880	0	0	710	712	16893	390	2586	2586	NORM	PA_E	8	0
20131204-155813	15533	951137	4501159	1757215	2743944	1420167	20432	0	0	0	0	0	0	0	0	1	1	1	0	1	0	0	0	128	0	356	5871	0	0	716	715	16890	387	2568	2568	NORM	PA_E	8	0
20131204-155817	15533	951137	4501159	1757215	2743944	1420167	20432	0	0	0	0	0	0	0	0	1	1	1	0	1	0	0	0	128	0	462	7583	0	0	924	978	16880	494	3279	3368	NORM	PA_E	8	0
20131204-155821	15533	951137	4501159	1757215	2743944	1420167	20432	0	0	0	0	0	0	0	0	1	1	1	0	1	0	0	0	128	0	527	8593	0	0	1054	1056	16873	563	3724	3724	NORM	PA_E	8	0
20131204-155824	15533	951137	4501159	1757215	2743944	1420168	20432	0	0	0	0	0	0	0	0	1	1	1	0	1	0	0	0	128	0	530	8631	0	0	1090	1087	16885	570	3795	3813	NORM	PA_E	8	0
20131204-155828	15533	951137	4501159	1757215	2743944	1420168	20432	0	0	0	0	0	0	0	0	1	1	1	0	1	0	0	0	128	0	542	8813	0	0	1081	1083	16890	581	3857	3857	NORM	PA_E	8	0
20131204-155832	15533	951137	4501159	1757215	2743944	1420168	20432	0	0	0	0	0	0	0	0	1	1	1	0	1	0	0	0	128	0	544	8845	0	0	1089	1091	16883	585	3866	3866	NORM	PA_E	8	0
20131204-155835	15533	951137	4501159	1757215	2743944	1420168	20432	0	0	0	0	0	0	0	0	1	1	1	0	1	0	0	0	128	0	0	0	0	0	1	1	16935	67	426	426	NORM	PA_E	8	0
20131204-155839	15533	951137	4501175	1757215	2743960	1420168	20432	0	0	0	0	0	0	0	0	1	1	1	0	1	0	0	0	128	0	0	0	0	0	0	0	16929	48	328	328	NORM	PA_E	8	0
20131204-155843	15533	951137	4501175	1757215	2743960	1420168	20432	0	0	0	0	0	0	0	0	1	1	1	0	1	0	0	0	128	0	0	0	0	0	0	0	16936	46	311	311	NORM	PA_E	8	0
20131204-155847	15533	951137	4501175	1757215	2743960	1420168	20432	0	0	0	0	0	0	0	0	1	1	1	0	1	0	0	0	128	0	0	0	0	0	0	0	16944	47	319	319	NORM	PA_E	8	0
20131204-155850	15533	951137	4501175	1757215	2743960	1420168	20432	0	0	0	0	0	0	0	0	1	1	1	0	1	0	0	0	128	0	0	0	0	0	0	0	16932	49	337	337	NORM	PA_E	8	0
20131204-155854	15533	951137	4501175	1757215	2743960	1420168	20432	0	0	0	0	0	0	0	0	1	1	1	0	1	0	0	0	128	0	0	0	0	0	0	0	16942	48	328	328	NORM	PA_E	8	0
20131204-155858	15533	951137	4501175	1757215	2743960	1420168	20432	0	0	0	0	0	0	0	0	1	1	1	0	1	0	0	0	128	0	0	0	0	0	0	0	16933	51	346	346	NORM	PA_E	8	0
20131204-155902	15533	951137	4501175	1757215	2743960	1420169	20432	0	0	0	0	0	0	0	0	1	1	1	0	1	0	0	0	128	0	0	0	0	0	0	0	16924	51	346	346	NORM	PA_E	8	0
20131204-155905	15533	951137	4501175	1757215	2743960	1420169	20432	0	0	0	0	0	0	0	0	1	1	1	0	1	0	0	0	128	0	0	0	0	0	0	0	16930	53	355	355	NORM	PA_E	8	0
20131204-155909	15533	951137	4501175	1757215	2743960	1420169	20432	0	0	0	0	0	0	0	0	1	1	1	0	1	0	0	0	128	0	65480	0	321	0	65410	65401	16924	0	71	71	NORM	PA_E	8	0
20131204-155913	15533	951137	4501175	1757215	2743960	1420169	20432	0	0	0	0	0	0	0	0	1	1	1	0	1	0	0	0	128	0	65272	0	1477	0	64976	64979	16927	172	1146	1146	NORM	PA_E	8	0
20131204-155917	15533	951137	4501175	1757215	2743960	1420169	20432	0	0	0	0	0	0	0	0	1	1	1	0	1	0	0	0	128	0	64855	0	3790	0	64153	64149	16951	501	3395	3413	NORM	PA_E	8	0
20131204-155920	15533	951137	4501175	1757215	2743960	1420169	20432	0	0	0	0	0	0	0	0	1	1	1	0	1	0	0	0	128	0	64855	0	3790	0	64145	64149	16935	501	3333	3333	NORM	PA_E	8	0
20131204-155924	15533	951137	4501175	1757215	2743960	1420169	20432	0	0	0	0	0	0	0	0	1	1	1	0	1	0	0	0	128	0	64786	0	4176	0	64013	64008	16932	542	3581	3581	NORM	PA_E	8	0
20131204-155928	15533	951137	4501175	1757215	2743960	1420169	20432	0	0	0	0	0	0	0	0	1	1	1	0	1	0	0	0	128	0	64855	0	3790	0	64145	64145	16924	486	3173	3173	NORM	PA_E	8	0
20131204-155932	15533	951137	4501175	1757215	2743960	1420170	20432	0	0	0	0	0	0	0	0	1	1	1	0	1	0	0	0	128	0	64786	0	4176	0	64009	64007	16936	522	3475	3475	NORM	PA_E	8	0
20131204-155935	15533	951137	4501175	1757215	2743960	1420170	20432	0	0	0	0	0	0	0	0	1	1	1	0	1	0	0	0	128	0	64786	0	4176	0	64006	64008	16932	508	3359	3359	NORM	PA_E	8	0
20131204-155939	15533	951137	4501176	1757220	2743956	1420170	20432	0	0	0	0	0	0	0	0	1	1	1	0	1	0	0	0	128	0	65444	0	514	0	65420	65531	16905	17	248	248	NORM	PA_E	8	0
20131204-155943	15533	951137	4501176	1757220	2743956	1420170	20432	0	0	0	0	0	0	0	0	1	1	1	0	1	0	0	0	128	0	0	0	0	0	0	0	16905	59	391	391	NORM	PA_E	8	0
20131204-155947	15533	951137	4501176	1757220	2743956	1420170	20432	0	0	0	0	0	0	0	0	1	1	1	0	1	0	0	0	128	0	0	0	0	0	0	0	16914	52	355	355	NORM	PA_E	8	0
20131204-155950	15533	951137	4501176	1757220	2743956	1420170	20432	0	0	0	0	0	0	0	0	1	1	1	0	1	0	0	0	128	0	0	0	0	0	0	0	16903	52	355	355	NORM	PA_E	8	0
20131204-155954	15533	951137	4501176	1757220	2743956	1420170	20432	0	0	0	0	0	0	0	0	1	1	1	0	1	0	0	0	128	0	65480	0	321	0	65408	65406	16903	0	53	44	NORM	PA_E	8	0
20131204-155958	15533	951137	4501176	1757220	2743956	1420170	20432	0	0	0	0	0	0	0	0	1	1	1	0	1	0	0	0	128	0	0	0	0	0	0	65533	16897	49	355	355	NORM	PA_E	8	0
20131204-160001	15533	951137	4501176	1757220	2743956	1420170	20432	0	0	0	0	0	0	0	0	1	1	1	0	1	0	0	0	128	0	0	0	0	0	0	0	16897	44	293	293	NORM	PA_E	8	0
20131204-160005	15533	951137	4501176	1757220	2743956	1420170	20432	0	0	0	0	0	0	0	0	1	1	1	0	1	0	0	0	128	0	0	0	0	0	0	0	16894	44	293	293	NORM	PA_E	8	0
20131204-160009	15533	951137	4501176	1757220	2743956	1420171	20432	0	0	0	0	0	0	0	0	1	1	1	0	1	0	0	0	128	0	65457	0	449	0	65360	65363	16903	15	142	142	NORM	PA_E	8	0
20131204-160013	15533	951137	4501176	1757220	2743956	1420171	20432	0	0	0	0	0	0	0	0	1	1	1	0	1	0	0	0	128	0	65457	0	449	0	65362	65360	16903	25	133	133	NORM	PA_E	8	0
20131204-160016	15533	951137	4501176	1757220	2743956	1420171	20432	0	0	0	0	0	0	0	0	1	1	1	0	1	0	0	0	128	0	65063	0	2634	0	64568	64575	16914	305	2017	2017	NORM	PA_E	8	0
20131204-160020	15533	951137	4501176	1757220	2743956	1420171	20432	0	0	0	0	0	0	0	0	1	1	1	0	1	0	0	0	128	0	64855	0	3790	0	64141	64144	16918	429	2853	2853	NORM	PA_E	8	0
20131204-160024	15533	951137	4501176	1757220	2743956	1420171	20432	0	0	0	0	0	0	0	0	1	1	1	0	1	0	0	0	128	0	64763	0	4304	0	63865	63855	16914	471	3119	3119	NORM	PA_E	8	0
20131204-160028	15533	951137	4501176	1757220	2743956	1420171	20432	0	0	0	0	0	0	0	0	1	1	1	0	1	0	0	0	128	0	64555	0	5461	0	63688	63687	16918	552	3715	3599	NORM	PA_E	8	0
20131204-160031	15533	951137	4501176	1757220	2743956	1420171	20432	0	0	0	0	0	0	0	0	1	1	1	0	1	0	0	0	128	0	64936	0	3341	0	64473	64477	16905	297	1910	1910	NORM	PA_E	8	0
20131204-160035	15533	951137	4501176	1757220	2743956	1420171	20432	0	0	0	0	0	0	0	0	1	1	1	0	1	0	0	0	128	0	65434	0	578	0	65417	65426	16893	29	204	204	NORM	PA_E	8	0
20131204-160039	15533	951137	4501176	1757224	2743956	1420171	20432	0	0	0	0	0	0	0	0	1	1	1	0	1	0	0	0	128	0	0	0	0	0	0	0	16897	23	168	168	NORM	PA_E	8	0
20131204-160043	15533	951137	4501176	1757224	2743952	1420171	20432	0	0	0	0	0	0	0	0	1	1	1	0	1	0	0	0	128	0	64520	0	5846	0	63261	62934	16935	516	3537	3537	NORM	PA_E	8	0
20131204-160046	15533	951137	4501176	1757224	2743952	1420171	20432	0	0	0	0	0	0	0	0	1	1	1	0	1	0	0	0	128	0	63019	0	14135	1670	60923	60880	16965	978	6497	6497	NORM	PA_E	8	0
20131204-160050	15533	951137	4501176	1757224	2743952	1420171	20432	0	0	0	0	0	0	0	0	1	1	1	0	1	0	0	0	128	0	62591	0	16384	642	59838	59816	16959	937	6230	6230	NORM	PA_E	8	0
20131204-160054	15533	951137	4501176	1757224	2743952	1420172	20432	0	0	0	0	0	0	0	1	1	1	1	0	1	0	0	0	128	0	62626	0	16191	321	59794	59792	16941	635	4133	4133	NORM	PA_E	8	0
20131204-160057	15533	951137	4501176	1757224	2743952	1420172	20432	0	0	0	0	0	0	0	1	1	1	1	0	1	0	0	0	128	0	62614	0	16255	385	59781	59785	16929	319	2044	2044	NORM	PA_E	8	0
20131204-160101	15533	951137	4501176	1757224	2743952	1420172	20432	0	0	0	0	0	0	0	1	1	1	1	0	1	0	0	0	128	0	62684	0	14649	10729	64748	64629	16906	19	133	133	NORM	PA_E	8	0
20131204-160105	15533	951137	4501176	1757224	2743952	1420172	20432	0	0	0	0	0	0	0	1	1	1	1	1	1	1	0	0	128	0	64093	0	8031	8095	0	0	16914	24	168	168	NORM	CH_I	9	0
20131204-160109	15533	951137	4501176	1757224	2743952	1420172	20432	0	0	0	0	0	0	0	1	1	1	1	1	1	1	0	0	128	0	63920	0	8995	8995	0	0	16917	16	142	133	NORM	CH_E	9	0
20131204-160112	15533	951137	4501176	1757224	2743952	1420172	20432	0	0	0	0	0	0	0	1	1	1	1	1	1	1	0	0	128	0	63931	0	8930	8930	0	0	16912	11	124	124	NORM	CH_E	9	0
20131204-160116	15533	951137	4501176	1757224	2743952	1420172	20432	0	0	0	0	0	0	0	1	1	1	1	1	1	1	0	0	127	0	63943	0	8930	8930	0	0	16911	10	124	124	NORM	CH_E	9	0
20131204-160120	15533	951137	4501176	1757224	2743952	1420172	20432	0	0	0	0	0	0	0	1	1	1	1	1	1	1	0	0	127	0	63943	0	8930	8930	0	0	16924	22	168	168	NORM	CH_E	9	0
20131204-160123	15533	951137	4501176	1757224	2743952	1420172	20432	0	0	0	0	0	0	0	1	1	1	1	1	1	0	0	0	127	0	63943	0	8930	8930	0	0	16918	31	213	213	NORM	CH_E	9	0
20131204-160127	15533	951137	4501176	1757224	2743952	1420172	20432	0	0	0	0	0	0	0	1	1	1	1	1	1	0	0	0	127	0	63943	0	8866	8866	0	0	16920	22	151	151	NORM	CH_E	9	0
20131204-160131	15533	951137	4501176	1757224	2743952	1420172	20432	0	0	0	0	0	0	0	1	1	1	1	1	1	0	0	0	127	0	63966	0	8866	8866	0	0	16918	18	142	142	NORM	CH_E	9	0
20131204-160134	15533	951137	4501176	1757224	2743952	1420172	20432	0	0	0	0	0	0	0	1	1	1	1	0	1	0	0	0	127	0	2024	9987	0	0	4224	4368	16918	144	1066	1066	NORM	PA_I	9	0
20131204-160138	15533	951137	4501176	1757229	2743952	1420172	20432	0	0	0	0	0	0	0	1	1	1	1	0	1	0	0	0	127	0	3107	14681	0	0	6540	6552	16885	606	4159	4159	NORM	PA_E	9	0
20131204-160142	15533	951137	4501178	1757229	2743949	1420172	20432	0	0	0	0	0	0	0	1	1	1	1	0	1	0	0	0	127	0	3191	16509	0	0	6186	6081	16866	1159	7714	7714	NORM	PA_E	9	0
20131204-160145	15533	951137	4501178	1757229	2743949	1420172	20432	0	0	0	0	0	0	0	0	1	1	1	0	1	0	0	0	127	0	2251	16454	0	0	4472	4448	16869	1105	7297	7297	NORM	PA_E	9	0
20131204-160149	15533	951137	4501178	1757229	2743949	1420172	20432	0	0	0	0	0	0	0	0	1	1	1	0	1	0	0	0	127	0	1858	16383	0	0	3665	3679	16883	1083	7163	7163	NORM	PA_E	9	0
20131204-160153	15533	951137	4501178	1757229	2743949	1420172	20432	0	0	0	0	0	0	0	0	1	1	1	0	1	0	0	0	127	0	1605	16396	0	0	3196	3192	16872	1078	7154	7154	NORM	PA_E	9	0
20131204-160157	15533	951137	4501178	1757229	2743949	1420172	20432	0	0	0	0	0	0	0	0	1	1	1	0	1	0	0	0	127	0	1441	16406	0	0	2871	2867	16869	1069	7101	7101	NORM	PA_E	9	0
20131204-160200	15533	951137	4501178	1757229	2743949	1420172	20432	0	0	0	0	0	0	0	0	1	1	1	0	1	0	0	0	127	0	1326	16371	0	0	2621	2621	16873	1066	7092	7092	NORM	PA_E	9	0
20131204-160204	15533	951137	4501178	1757229	2743949	1420172	20432	0	0	0	0	0	0	0	0	1	1	1	0	1	0	0	0	127	0	1219	16390	0	0	2433	2439	16881	1063	7074	7074	NORM	PA_E	9	0
20131204-160208	15533	951137	4501178	1757229	2743949	1420172	20432	0	0	0	0	0	0	0	0	1	1	1	0	1	0	0	0	127	0	1148	16394	0	0	2281	2274	16878	1054	7012	7012	NORM	PA_E	9	0
20131204-160211	15533	951137	4501178	1757229	2743949	1420172	20432	0	0	0	0	0	0	0	0	1	1	1	0	1	0	0	0	127	0	693	10396	0	0	1390	1391	16902	690	4506	4470	NORM	PA_E	9	0
20131204-160215	15533	951137	4501178	1757229	2743949	1420172	20432	0	0	0	0	0	0	0	0	1	1	1	0	1	0	0	0	127	0	678	10447	0	0	1350	1355	16912	667	4435	4435	NORM	PA_E	9	0
20131204-160219	15533	951137	4501178	1757229	2743949	1420172	20432	0	0	0	0	0	0	0	0	1	1	1	0	1	0	0	0	127	0	625	9607	0	0	1252	1172	16917	631	4168	4097	NORM	PA_E	9	0
20131204-160222	15533	951137	4501178	1757229	2743949	1420172	20432	0	0	0	0	0	0	0	0	1	1	1	0	1	0	0	0	127	0	366	5656	0	0	710	711	16926	393	2577	2577	NORM	PA_E	9	0
20131204-160226	15533	951137	4501178	1757229	2743949	1420173	20432	0	0	0	0	0	0	0	0	1	1	1	0	1	0	0	0	127	0	204	3244	0	0	408	413	16932	243	1608	1608	NORM	PA_E	9	0
20131204-160230	15533	951137	4501178	1757229	2743949	1420173	20432	0	0	0	0	0	0	0	0	1	1	1	0	1	0	0	0	127	0	207	3266	0	0	413	416	16935	243	1617	1617	NORM	PA_E	9	0
20131204-160234	15533	951137	4501178	1757229	2743949	1420173	20432	0	0	0	0	0	0	0	0	1	1	1	0	1	0	0	0	127	0	207	3266	0	0	409	418	16935	243	1617	1617	NORM	PA_E	9	0
20131204-160237	15533	951137	4501178	1757229	2743949	1420173	20432	0	0	0	0	0	0	0	0	1	1	1	0	1	0	0	0	127	0	170	2698	0	0	297	341	16942	210	1386	1386	NORM	PA_E	9	0
20131204-160241	15533	951137	4501197	1757229	2743968	1420173	20432	0	0	0	0	0	0	0	0	1	1	1	0	1	0	0	0	127	0	84	1316	0	0	165	169	16941	136	906	906	NORM	PA_E	9	0
20131204-160245	15533	951137	4501197	1757229	2743968	1420173	20432	0	0	0	0	0	0	0	0	1	1	1	0	1	0	0	0	127	0	84	1351	0	0	166	166	16935	135	906	906	NORM	PA_E	9	0
20131204-160248	15533	951137	4501197	1757229	2743968	1420173	20432	0	0	0	0	0	0	0	0	1	1	1	0	1	0	0	0	127	0	82	1338	0	0	166	167	16941	135	906	906	NORM	PA_E	9	0
20131204-160252	15533	951137	4501197	1757229	2743968	1420173	20432	0	0	0	0	0	0	0	0	1	1	1	0	1	0	0	0	127	0	0	8	0	0	0	0	16942	58	391	391	NORM	PA_E	9	0
20131204-160256	15533	951137	4501197	1757229	2743968	1420173	20432	0	0	0	0	0	0	0	0	1	1	1	0	1	0	0	0	127	0	0	0	0	0	0	0	16941	45	311	311	NORM	PA_E	9	0
20131204-160300	15533	951137	4501197	1757229	2743968	1420173	20432	0	0	0	0	0	0	0	0	1	1	1	0	1	0	0	0	127	0	0	0	0	0	0	0	16944	49	337	337	NORM	PA_E	9	0
20131204-160303	15533	951137	4501197	1757229	2743968	1420174	20432	0	0	0	0	0	0	0	0	1	1	1	0	1	0	0	0	127	0	0	0	0	0	0	0	16945	51	346	346	NORM	PA_E	9	0
20131204-160307	15533	951137	4501197	1757229	2743968	1420174	20432	0	0	0	0	0	0	0	0	1	1	1	0	1	0	0	0	127	0	0	0	0	0	0	0	16948	51	346	346	NORM	PA_E	9	0
20131204-160311	15533	951137	4501197	1757229	2743968	1420174	20432	0	0	0	0	0	0	0	0	1	1	1	0	1	0	0	0	127	0	0	0	0	0	0	0	16942	51	346	346	NORM	PA_E	9	0
20131204-160315	15533	951137	4501197	1757229	2743968	1420174	20432	0	0	0	0	0	0	0	0	1	1	1	0	1	0	0	0	127	0	167	2470	0	0	339	335	16938	200	1359	1359	NORM	PA_E	9	0
20131204-160318	15533	951137	4501197	1757229	2743968	1420174	20432	0	0	0	0	0	0	0	0	1	1	1	0	1	0	0	0	127	0	222	3272	0	0	448	439	16962	250	1670	1679	NORM	PA_E	9	0
20131204-160322	15533	951137	4501197	1757229	2743968	1420174	20432	0	0	0	0	0	0	0	0	1	1	1	0	1	0	0	0	127	0	160	2356	0	0	328	322	16953	200	1333	1333	NORM	PA_E	9	0
20131204-160326	15533	951137	4501197	1757229	2743968	1420174	20432	0	0	0	0	0	0	0	0	1	1	1	0	1	0	0	0	127	0	216	3159	0	0	434	428	16956	258	1715	1715	NORM	PA_E	9	0
20131204-160329	15533	951137	4501197	1757229	2743968	1420174	20432	0	0	0	0	0	0	0	0	1	1	1	0	1	0	0	0	127	0	208	2812	0	0	386	386	16950	241	1590	1590	NORM	PA_E	9	0
20131204-160333	15533	951137	4501197	1757229	2743968	1420174	20432	0	0	0	0	0	0	0	0	1	1	1	0	1	0	0	0	127	0	156	2233	0	0	323	310	16951	200	1333	1333	NORM	PA_E	9	0
20131204-160337	15533	951137	4501197	1757229	2743968	1420174	20432	0	0	0	0	0	0	0	0	1	1	1	0	1	0	0	0	127	0	158	2361	0	0	362	369	16953	198	1359	1359	NORM	PA_E	9	0
20131204-160341	15533	951137	4501201	1757229	2743972	1420175	20432	0	0	0	0	0	0	0	0	1	1	1	0	1	0	0	0	127	0	332	4740	0	0	666	667	16935	345	2310	2310	NORM	PA_E	9	0
20131204-160344	15533	951137	4501201	1757229	2743972	1420175	20432	0	0	0	0	0	0	0	0	1	1	1	0	1	0	0	0	127	0	330	4753	0	0	656	654	16929	341	2248	2248	NORM	PA_E	9	0
20131204-160348	15533	951137	4501201	1757229	2743972	1420175	20432	0	0	0	0	0	0	0	0	1	1	1	0	1	0	0	0	127	0	365	5315	0	0	733	735	16941	370	2444	2444	NORM	PA_E	9	0
20131204-160352	15533	951137	4501201	1757229	2743972	1420175	20432	0	0	0	0	0	0	0	0	1	1	1	0	1	0	0	0	127	0	362	5331	0	0	729	724	16948	368	2435	2435	NORM	PA_E	9	0
20131204-160355	15533	951137	4501201	1757229	2743972	1420175	20432	0	0	0	0	0	0	0	0	1	1	1	0	1	0	0	0	127	0	277	4056	0	0	555	547	16951	294	1946	1946	NORM	PA_E	9	0
20131204-160359	15533	951137	4501201	1757229	2743972	1420175	20432	0	0	0	0	0	0	0	0	1	1	1	0	1	0	0	0	127	0	277	4417	0	0	647	605	16953	296	1973	2070	NORM	PA_E	9	0
20131204-160403	15533	951137	4501201	1757229	2743972	1420175	20432	0	0	0	0	0	0	0	0	1	1	1	0	1	0	0	0	127	0	324	4738	0	0	646	653	16953	330	2195	2195	NORM	PA_E	9	0
20131204-160406	15533	951137	4501201	1757229	2743972	1420175	20432	0	0	0	0	0	0	0	0	1	1	1	0	1	0	0	0	127	0	0	0	0	0	1	0	16962	54	355	355	NORM	PA_E	9	0
20131204-160410	15533	951137	4501201	1757229	2743972	1420175	20432	0	0	0	0	0	0	0	0	1	1	1	0	1	0	0	0	127	0	0	0	0	0	0	0	16957	38	266	266	NORM	PA_E	9	0
20131204-160414	15533	951137	4501201	1757229	2743972	1420175	20432	0	0	0	0	0	0	0	0	1	1	1	0	1	0	0	0	127	0	2	38	0	0	5	6	16954	53	355	355	NORM	PA_E	9	0
20131204-160418	15533	951137	4501201	1757229	2743972	1420175	20432	0	0	0	0	0	0	0	0	1	1	1	0	1	0	0	0	127	0	0	0	0	0	0	0	16956	41	275	275	NORM	PA_E	9	0
20131204-160421	15533	951137	4501201	1757229	2743972	1420176	20432	0	0	0	0	0	0	0	0	1	1	1	0	1	0	0	0	127	0	0	0	0	0	0	0	16956	45	311	311	NORM	PA_E	9	0
20131204-160425	15533	951137	4501201	1757229	2743972	1420176	20432	0	0	0	0	0	0	0	0	1	1	1	0	1	0	0	0	127	0	0	0	0	0	0	0	16950	40	284	284	NORM	PA_E	9	0
20131204-160429	15533	951137	4501201	1757229	2743972	1420176	20432	0	0	0	0	0	0	0	0	1	1	1	0	1	0	0	0	127	0	64734	0	4497	0	63804	63794	16968	458	3066	3066	NORM	PA_E	9	0
20131204-160433	15533	951137	4501201	1757229	2743972	1420176	20432	0	0	0	0	0	0	0	0	1	1	1	0	1	0	0	0	127	0	64723	0	4561	0	63888	63885	16957	420	2755	2755	NORM	PA_E	9	0
20131204-160436	15533	951137	4501201	1757229	2743972	1420176	20432	0	0	0	0	0	0	0	0	1	1	1	0	1	0	0	0	127	0	64471	0	5975	0	63382	63375	16954	513	3421	3413	NORM	PA_E	9	0
20131204-160440	15533	951137	4501205	1757231	2743974	1420176	20432	0	0	0	0	0	0	0	0	1	1	1	0	1	0	0	0	127	0	65090	0	2505	0	64625	64623	16947	192	1208	1208	NORM	PA_E	9	0
20131204-160444	15533	951137	4501205	1757231	2743974	1420176	20432	0	0	0	0	0	0	0	0	1	1	1	0	1	0	0	0	127	0	64367	0	6617	0	63144	63149	16962	477	3226	3226	NORM	PA_E	9	0
20131204-160447	15533	951137	4501205	1757231	2743974	1420176	20432	0	0	0	0	0	0	0	0	1	1	1	0	1	0	0	0	127	0	64310	0	6874	0	63040	63067	16957	453	2995	2995	NORM	PA_E	9	0
20131204-160451	15533	951137	4501205	1757231	2743974	1420176	20432	0	0	0	0	0	0	0	0	1	1	1	0	1	0	0	0	127	0	64275	0	6874	0	63048	63076	16948	399	2568	2568	NORM	PA_E	9	0
20131204-160455	15533	951137	4501205	1757231	2743974	1420176	20432	0	0	0	0	0	0	0	0	1	1	1	0	1	0	0	0	127	0	65261	0	1156	0	65046	64549	16942	92	479	577	NORM	PA_E	9	0
20131204-160459	15533	951137	4501205	1757231	2743974	1420176	20432	0	0	0	0	0	0	0	0	1	1	1	0	1	0	0	0	127	0	64471	0	6360	0	62926	62926	16950	271	1848	1848	NORM	PA_E	9	0
20131204-160502	15533	951137	4501205	1757231	2743974	1420176	20432	0	0	0	0	0	0	0	1	1	1	1	0	1	0	0	0	127	0	63495	0	12657	0	60046	59963	16953	474	3181	3181	NORM	PA_E	9	0
20131204-160506	15533	951137	4501205	1757231	2743974	1420176	20432	0	0	0	0	0	0	0	1	1	1	1	0	1	0	0	0	127	0	62624	0	16255	385	59817	59832	16945	285	1822	1822	NORM	PA_E	9	0
20131204-160510	15533	951137	4501205	1757231	2743974	1420176	20432	0	0	0	0	0	0	0	1	1	1	1	0	1	0	0	0	127	0	63518	0	11308	11179	65535	65526	16944	18	151	151	NORM	PA_E	9	0
20131204-160514	15533	951137	4501205	1757231	2743974	1420176	20432	0	0	0	0	0	0	0	1	1	1	1	1	1	1	0	0	126	0	63955	0	8930	8930	0	0	16939	1	115	115	NORM	CH_I	10	0
20131204-160517	15533	951137	4501205	1757231	2743974	1420176	20432	0	0	0	0	0	0	0	1	1	1	1	1	1	1	0	0	126	0	63909	0	9187	9187	0	0	16938	2	115	115	NORM	CH_E	10	0
20131204-160521	15533	951137	4501205	1757231	2743974	1420176	20432	0	0	0	0	0	0	0	1	1	1	1	1	1	1	0	0	126	0	63909	0	9187	9187	0	0	16941	16	142	142	NORM	CH_E	10	0
20131204-160525	15533	951137	4501205	1757231	2743974	1420176	20432	0	0	0	0	0	0	0	1	1	1	1	1	1	1	0	0	125	0	63922	0	9187	9187	0	0	16947	16	142	142	NORM	CH_E	10	0
20131204-160528	15533	951137	4501205	1757231	2743974	1420176	20432	0	0	0	0	0	0	0	1	1	1	1	1	1	1	0	0	125	0	63932	0	9123	9123	0	0	16939	15	142	142	NORM	CH_E	10	0
20131204-160532	15533	951137	4501205	1757231	2743974	1420176	20432	0	0	0	0	0	0	0	1	1	1	1	1	1	1	0	0	125	0	63944	0	9059	9059	0	0	16938	24	177	177	NORM	CH_E	10	0
20131204-160536	15533	951137	4501205	1757231	2743974	1420176	20432	0	0	0	0	0	0	0	1	1	1	1	1	1	0	0	0	125	0	63944	0	9059	9059	0	0	16933	24	168	168	NORM	CH_E	10	0
20131204-160539	15533	951137	4501205	1757236	2743974	1420176	20432	0	0	0	0	0	0	0	1	1	1	1	1	1	0	0	0	125	0	63955	0	8995	8995	0	0	16938	24	168	168	NORM	CH_E	10	0
20131204-160543	15533	951137	4501206	1757236	2743970	1420176	20432	0	0	0	0	0	0	0	1	1	1	1	1	1	0	0	0	125	0	63955	0	8995	8995	0	0	16942	24	168	168	NORM	CH_E	10	0
20131204-160547	15533	951137	4501206	1757236	2743970	1420176	20432	0	0	0	0	0	0	0	1	1	1	1	0	1	0	0	0	125	0	1372	6585	0	0	2743	2734	16938	95	648	648	NORM	PA_I	10	0
20131204-160551	15533	951137	4501206	1757236	2743970	1420176	20432	0	0	0	0	0	0	0	1	1	1	1	0	1	0	0	0	125	0	1736	8333	0	0	4117	4238	16932	264	1795	1795	NORM	PA_E	10	0
20131204-160554	15533	951137	4501206	1757236	2743970	1420176	20432	0	0	0	0	0	0	0	1	1	1	1	0	1	0	0	0	125	0	2584	12405	0	0	5167	5176	16926	655	4506	4506	NORM	PA_E	10	0
20131204-160558	15533	951137	4501206	1757236	2743970	1420176	20432	0	0	0	0	0	0	0	1	1	1	1	0	1	0	0	0	125	0	2631	14779	0	0	5182	5216	16920	989	6612	6612	NORM	PA_E	10	0
20131204-160602	15533	951137	4501206	1757236	2743970	1420176	20432	0	0	0	0	0	0	0	0	1	1	1	0	1	0	0	0	125	0	2206	16424	0	0	4311	4342	16914	1088	7217	7217	NORM	PA_E	10	0
20131204-160605	15533	951137	4501206	1757236	2743970	1420176	20432	0	0	0	0	0	0	0	0	1	1	1	0	1	0	0	0	125	0	1819	16449	0	0	3617	3572	16924	1068	7101	7101	NORM	PA_E	10	0
20131204-160609	15533	951137	4501206	1757236	2743970	1420176	20432	0	0	0	0	0	0	0	0	1	1	1	0	1	0	0	0	125	0	1586	16422	0	0	3140	3138	16921	1060	7039	7039	NORM	PA_E	10	0
20131204-160613	15533	951137	4501206	1757236	2743970	1420177	20432	0	0	0	0	0	0	0	0	1	1	1	0	1	0	0	0	125	0	1435	16372	0	0	2844	2828	16915	1056	6995	6986	NORM	PA_E	10	0
20131204-160616	15533	951137	4501206	1757236	2743970	1420177	20432	0	0	0	0	0	0	0	0	1	1	1	0	1	0	0	0	125	0	956	11920	0	0	1903	1911	16930	765	5030	5030	NORM	PA_E	10	0
20131204-160620	15533	951137	4501206	1757236	2743970	1420177	20432	0	0	0	0	0	0	0	0	1	1	1	0	1	0	0	0	125	0	542	7147	0	0	1058	1069	16933	490	3137	3137	NORM	PA_E	10	0
20131204-160624	15533	951137	4501206	1757236	2743970	1420177	20432	0	0	0	0	0	0	0	0	1	1	1	0	1	0	0	0	125	0	474	6572	0	0	949	946	16935	430	2826	2826	NORM	PA_E	10	0
20131204-160628	15533	951137	4501206	1757236	2743970	1420177	20432	0	0	0	0	0	0	0	0	1	1	1	0	1	0	0	0	125	0	197	2838	0	0	294	296	16936	209	1297	1182	NORM	PA_E	10	0
20131204-160631	15533	951137	4501206	1757236	2743970	1420177	20432	0	0	0	0	0	0	0	0	1	1	1	0	1	0	0	0	125	0	1	14	0	0	2	7	16939	39	266	266	NORM	PA_E	10	0
20131204-160635	15533	951137	4501206	1757236	2743970	1420177	20432	0	0	0	0	0	0	0	0	1	1	1	0	1	0	0	0	125	0	0	0	0	0	0	0	16938	30	195	195	NORM	PA_E	10	0
20131204-160639	15533	951137	4501206	1757236	2743970	1420177	20432	0	0	0	0	0	0	0	0	1	1	1	0	1	0	0	0	125	0	0	0	0	0	0	0	16939	26	186	186	NORM	PA_E	10	0
20131204-160642	15533	951137	4501220	1757236	2743984	1420177	20432	0	0	0	0	0	0	0	0	1	1	1	0	1	0	0	0	125	0	0	0	0	0	0	0	16941	26	186	186	NORM	PA_E	10	0
20131204-160646	15533	951137	4501220	1757236	2743984	1420177	20432	0	0	0	0	0	0	0	0	1	1	1	0	1	0	0	0	125	0	201	3039	0	0	406	403	16935	210	1430	1430	NORM	PA_E	10	0
20131204-160650	15533	951137	4501220	1757236	2743984	1420177	20432	0	0	0	0	0	0	0	0	1	1	1	0	1	0	0	0	125	0	1	14	0	0	140	136	16939	60	417	417	NORM	PA_E	10	0
20131204-160654	15533	951137	4501220	1757236	2743984	1420178	20432	0	0	0	0	0	0	0	0	1	1	1	0	1	0	0	0	125	0	169	2474	0	0	467	340	16936	178	1430	1430	NORM	PA_E	10	0
20131204-160657	15533	951137	4501220	1757236	2743984	1420178	20432	0	0	0	0	0	0	0	0	1	1	1	0	1	0	0	0	125	0	462	6688	0	0	819	817	16938	375	2470	1973	NORM	PA_E	10	0
20131204-160701	15533	951137	4501220	1757236	2743984	1420178	20432	0	0	0	0	0	0	0	0	1	1	1	0	1	0	0	0	125	0	0	3	0	0	5	9	16947	34	239	239	NORM	PA_E	10	0
20131204-160705	15533	951137	4501220	1757236	2743984	1420178	20432	0	0	0	0	0	0	0	0	1	1	1	0	1	0	0	0	125	0	0	0	0	0	0	0	16948	20	151	142	NORM	PA_E	10	0
20131204-160708	15533	951137	4501220	1757236	2743984	1420178	20432	0	0	0	0	0	0	0	0	1	1	1	0	1	0	0	0	125	0	475	6416	0	0	960	961	16938	391	2666	2666	NORM	PA_E	10	0
20131204-160712	15533	951137	4501220	1757236	2743984	1420178	20432	0	0	0	0	0	0	0	0	1	1	1	0	1	0	0	0	125	0	649	9036	0	0	1336	1350	16933	549	3661	3733	NORM	PA_E	10	0
20131204-160716	15533	951137	4501220	1757236	2743984	1420178	20432	0	0	0	0	0	0	0	0	1	1	1	0	1	0	0	0	125	0	631	8595	0	0	1275	1292	16936	564	3715	3715	NORM	PA_E	10	0
20131204-160720	15533	951137	4501220	1757236	2743984	1420178	20432	0	0	0	0	0	0	0	0	1	1	1	0	1	0	0	0	125	0	620	8637	0	0	1254	1243	16947	562	3733	3733	NORM	PA_E	10	0
20131204-160723	15533	951137	4501220	1757236	2743984	1420178	20432	0	0	0	0	0	0	0	0	1	1	1	0	1	0	0	0	125	0	616	8627	0	0	1221	1221	16944	563	3741	3741	NORM	PA_E	10	0
20131204-160727	15533	951137	4501220	1757236	2743984	1420178	20432	0	0	0	0	0	0	0	0	1	1	1	0	1	0	0	0	125	0	2	0	0	0	0	0	16948	46	275	275	NORM	PA_E	10	0
20131204-160731	15533	951137	4501220	1757236	2743984	1420178	20432	0	0	0	0	0	0	0	0	1	1	1	0	1	0	0	0	125	0	0	0	0	0	0	0	16948	24	168	168	NORM	PA_E	10	0
20131204-160734	15533	951137	4501220	1757236	2743984	1420179	20432	0	0	0	0	0	0	0	0	1	1	1	0	1	0	0	0	125	0	0	0	0	0	0	0	16945	24	177	177	NORM	PA_E	10	0
20131204-160738	15533	951137	4501220	1757236	2743984	1420179	20432	0	0	0	0	0	0	0	0	1	1	1	0	1	0	0	0	125	0	0	0	0	0	0	0	16948	24	177	168	NORM	PA_E	10	0
20131204-160742	15533	951137	4501225	1757236	2743989	1420179	20432	0	0	0	0	0	0	0	0	1	1	1	0	1	0	0	0	125	0	0	0	0	0	0	0	16947	24	177	177	NORM	PA_E	10	0
20131204-160746	15533	951137	4501225	1757236	2743989	1420179	20432	0	0	0	0	0	0	0	0	1	1	1	0	1	0	0	0	125	0	306	4389	0	0	657	670	16938	288	1999	1999	NORM	PA_E	10	0
20131204-160749	15533	951137	4501225	1757236	2743989	1420179	20432	0	0	0	0	0	0	0	0	1	1	1	0	1	0	0	0	125	0	544	8052	0	0	1055	1058	16942	513	3404	3368	NORM	PA_E	10	0
20131204-160753	15533	951137	4501225	1757236	2743989	1420179	20432	0	0	0	0	0	0	0	0	1	1	1	0	1	0	0	0	125	0	0	0	0	0	2	0	16947	112	417	417	NORM	PA_E	10	0
20131204-160757	15533	951137	4501225	1757236	2743989	1420179	20432	0	0	0	0	0	0	0	0	1	1	1	0	1	0	0	0	125	0	0	0	0	0	0	0	16948	28	195	195	NORM	PA_E	10	0
20131204-160801	15533	951137	4501225	1757236	2743989	1420179	20432	0	0	0	0	0	0	0	0	1	1	1	0	1	0	0	0	125	0	0	0	0	0	0	0	16941	27	204	204	NORM	PA_E	10	0
20131204-160804	15533	951137	4501225	1757236	2743989	1420179	20432	0	0	0	0	0	0	0	0	1	1	1	0	1	0	0	0	125	0	0	0	0	0	0	0	16954	27	195	195	NORM	PA_E	10	0
20131204-160808	15533	951137	4501225	1757236	2743989	1420179	20432	0	0	0	0	0	0	0	0	1	1	1	0	1	0	0	0	125	0	0	0	0	0	0	0	16953	29	213	284	NORM	PA_E	10	0
20131204-160812	15533	951137	4501225	1757236	2743989	1420180	20432	0	0	0	0	0	0	0	0	1	1	1	0	1	0	0	0	125	0	308	4487	0	0	625	621	16941	305	2035	2035	NORM	PA_E	10	0
20131204-160815	15533	951137	4501225	1757236	2743989	1420180	20432	0	0	0	0	0	0	0	0	1	1	1	0	1	0	0	0	125	0	139	2017	0	0	2	1	16950	145	542	542	NORM	PA_E	10	0
20131204-160819	15533	951137	4501225	1757236	2743989	1420180	20432	0	0	0	0	0	0	0	0	1	1	1	0	1	0	0	0	125	0	2	38	0	0	0	2	16945	37	266	266	NORM	PA_E	10	0
20131204-160823	15533	951137	4501225	1757236	2743989	1420180	20432	0	0	0	0	0	0	0	0	1	1	1	0	1	0	0	0	125	0	0	0	0	0	0	0	16945	24	168	168	NORM	PA_E	10	0
20131204-160827	15533	951137	4501225	1757236	2743989	1420180	20432	0	0	0	0	0	0	0	0	1	1	1	0	1	0	0	0	125	0	189	2504	0	0	372	375	16944	134	986	986	NORM	PA_E	10	0
20131204-160830	15533	951137	4501225	1757236	2743989	1420180	20432	0	0	0	0	0	0	0	0	1	1	1	0	1	0	0	0	125	0	568	7487	0	0	1145	1134	16935	459	3333	3333	NORM	PA_E	10	0
20131204-160834	15533	951137	4501225	1757236	2743989	1420180	20432	0	0	0	0	0	0	0	0	1	1	1	0	1	0	0	0	125	0	747	9895	0	0	1497	1491	16935	627	4168	4168	NORM	PA_E	10	0
20131204-160838	15533	951137	4501225	1757236	2743989	1420180	20432	0	0	0	0	0	0	0	0	1	1	1	0	1	0	0	0	125	0	763	10207	0	0	1527	1519	16926	647	4310	4310	NORM	PA_E	10	0
20131204-160842	15533	951137	4501230	1757236	2743994	1420180	20432	0	0	0	0	0	0	0	0	1	1	1	0	1	0	0	0	125	0	699	9495	0	0	1344	1319	16929	611	4017	4017	NORM	PA_E	10	0
20131204-160845	15533	951137	4501230	1757236	2743994	1420180	20432	0	0	0	0	0	0	0	0	1	1	1	0	1	0	0	0	125	0	488	6678	0	0	969	969	16935	447	2950	2950	NORM	PA_E	10	0
20131204-160849	15533	951137	4501230	1757236	2743994	1420180	20432	0	0	0	0	0	0	0	0	1	1	1	0	1	0	0	0	125	0	376	5235	0	0	751	739	16941	363	2373	2373	NORM	PA_E	10	0
20131204-160853	15533	951137	4501230	1757236	2743994	1420181	20432	0	0	0	0	0	0	0	0	1	1	1	0	1	0	0	0	125	0	376	5247	0	0	743	752	16948	357	2364	2364	NORM	PA_E	10	0
20131204-160856	15533	951137	4501230	1757236	2743994	1420181	20432	0	0	0	0	0	0	0	0	1	1	1	0	1	0	0	0	125	0	275	3846	0	0	440	24	16944	226	1057	1057	NORM	PA_E	10	0
20131204-160900	15533	951137	4501230	1757236	2743994	1420181	20432	0	0	0	0	0	0	0	0	1	1	1	0	1	0	0	0	125	0	0	0	0	0	0	0	16948	42	284	284	NORM	PA_E	10	0
20131204-160904	15533	951137	4501230	1757236	2743994	1420181	20432	0	0	0	0	0	0	0	0	1	1	1	0	1	0	0	0	125	0	65119	0	2377	0	64681	64687	16947	207	1457	1457	NORM	PA_E	10	0
20131204-160908	15533	951137	4501230	1757236	2743994	1420181	20432	0	0	0	0	0	0	0	0	1	1	1	0	1	0	0	0	125	0	64238	0	7774	0	62745	62729	16965	723	4959	5039	NORM	PA_E	10	0
20131204-160911	15533	951137	4501230	1757236	2743994	1420181	20432	0	0	0	0	0	0	0	0	1	1	1	0	1	0	0	0	125	0	64340	0	6810	0	63188	63175	16954	612	3981	3981	NORM	PA_E	10	0
20131204-160915	15533	951137	4501230	1757236	2743994	1420181	20432	0	0	0	0	0	0	0	0	1	1	1	0	1	0	0	0	125	0	64463	0	6103	0	62556	62488	16967	581	3964	3964	NORM	PA_E	10	0
20131204-160919	15533	951137	4501230	1757236	2743994	1420181	20432	0	0	0	0	0	0	0	0	1	1	1	0	1	0	0	0	125	0	63820	0	9701	0	62111	62079	16959	655	4310	4239	NORM	PA_E	10	0
20131204-160923	15533	951137	4501230	1757236	2743994	1420181	20432	0	0	0	0	0	0	0	0	1	1	1	0	1	0	0	0	125	0	63808	0	9830	0	61446	61430	16956	578	3884	3884	NORM	PA_E	10	0
20131204-160926	15533	951137	4501230	1757236	2743994	1420181	20432	0	0	0	0	0	0	0	0	1	1	1	0	1	0	0	0	125	0	64091	0	6682	0	63935	63940	16956	252	1475	1253	NORM	PA_E	10	0
20131204-160930	15533	951137	4501230	1757236	2743994	1420181	20432	0	0	0	0	0	0	0	1	1	1	1	0	1	0	0	0	125	0	62746	0	16126	257	59904	59907	16957	509	3413	3413	NORM	PA_E	10	0
20131204-160934	15533	951137	4501230	1757236	2743994	1420181	20432	0	0	0	0	0	0	0	1	1	1	1	0	1	0	0	0	125	0	62655	0	16384	449	59903	59902	16950	233	1502	1502	NORM	PA_E	10	0
20131204-160937	15533	951137	4501230	1757236	2743994	1420181	20432	0	0	0	0	0	0	0	1	1	1	1	0	1	0	0	0	125	0	63548	0	11308	11308	65531	65533	16945	37	266	266	NORM	PA_E	10	0
20131204-160941	15533	951137	4501235	1757243	2743992	1420181	20432	0	0	0	0	0	0	0	1	1	1	1	1	1	1	0	0	124	0	63933	0	9187	9187	0	0	16941	35	231	231	NORM	CH_I	11	0
20131204-160945	15533	951137	4501235	1757243	2743992	1420181	20432	0	0	0	0	0	0	0	1	1	1	1	1	1	1	0	0	124	0	63911	0	9316	9316	0	0	16954	39	266	266	NORM	CH_E	11	0
20131204-160948	15533	951137	4501235	1757243	2743992	1420181	20432	0	0	0	0	0	0	0	1	1	1	1	1	1	1	0	0	123	0	63912	0	9380	9316	0	0	16941	31	213	213	NORM	CH_E	11	0
20131204-160952	15533	951137	4501235	1757243	2743992	1420181	20432	0	0	0	0	0	0	0	1	1	1	1	1	1	1	0	0	123	0	63923	0	9316	9316	0	0	16953	30	213	213	NORM	CH_E	11	0
20131204-160956	15533	951137	4501235	1757243	2743992	1420181	20432	0	0	0	0	0	0	0	1	1	1	1	1	1	1	0	0	123	0	63923	0	9316	9316	0	0	16939	19	151	151	NORM	CH_E	11	0
20131204-161000	15533	951137	4501235	1757243	2743992	1420181	20432	0	0	0	0	0	0	0	1	1	1	1	1	1	1	0	0	123	0	63934	0	9252	9252	0	0	16945	18	151	151	NORM	CH_E	11	0
20131204-161003	15533	951137	4501235	1757243	2743992	1420181	20432	0	0	0	0	0	0	0	1	1	1	1	1	1	0	0	0	123	0	63946	0	9187	9187	0	0	16951	19	151	151	NORM	CH_E	11	0
20131204-161007	15533	951137	4501235	1757243	2743992	1420181	20432	0	0	0	0	0	0	0	1	1	1	1	1	1	0	0	0	123	0	63956	0	9123	9123	0	0	16945	19	142	142	NORM	CH_E	11	0
20131204-161011	15533	951137	4501235	1757243	2743992	1420181	20432	0	0	0	0	0	0	0	1	1	1	1	1	1	0	0	0	123	0	63956	0	9123	9123	0	0	16939	20	151	151	NORM	CH_E	11	0
20131204-161014	15533	951137	4501235	1757243	2743992	1420181	20432	0	0	0	0	0	0	0	1	1	1	1	0	1	0	0	0	123	0	1757	8573	0	0	3770	3635	16941	97	666	666	NORM	PA_I	11	0
20131204-161018	15533	951137	4501235	1757243	2743992	1420181	20432	0	0	0	0	0	0	0	1	1	1	1	0	1	0	0	0	123	0	2790	13991	0	0	5804	5725	16927	447	3253	3253	NORM	PA_E	11	0
20131204-161022	15533	951137	4501235	1757243	2743992	1420181	20432	0	0	0	0	0	0	0	1	1	1	1	0	1	0	0	0	123	0	3329	16243	0	0	6670	6645	16905	1098	7332	7332	NORM	PA_E	11	0
20131204-161025	15533	951137	4501235	1757243	2743992	1420181	20432	0	0	0	0	0	0	0	0	1	1	1	0	1	0	0	0	123	0	2393	16469	0	0	4640	4666	16912	1099	7270	7270	NORM	PA_E	11	0
20131204-161029	15533	951137	4501235	1757243	2743992	1420181	20432	0	0	0	0	0	0	0	0	1	1	1	0	1	0	0	0	123	0	1925	16392	0	0	3814	3809	16924	1069	7074	7074	NORM	PA_E	11	0
20131204-161033	15533	951137	4501235	1757243	2743992	1420181	20432	0	0	0	0	0	0	0	0	1	1	1	0	1	0	0	0	123	0	1673	16381	0	0	3338	3330	16921	1063	7039	7039	NORM	PA_E	11	0
20131204-161037	15533	951137	4501235	1757243	2743992	1420181	20432	0	0	0	0	0	0	0	0	1	1	1	0	1	0	0	0	123	0	1524	16354	0	0	3040	3038	16926	1057	6995	6995	NORM	PA_E	11	0
20131204-161040	15533	951137	4501244	1757243	2744001	1420182	20432	0	0	0	0	0	0	0	0	1	1	1	0	1	0	0	0	123	0	1415	16398	0	0	2804	2806	16921	1055	6986	6986	NORM	PA_E	11	0
20131204-161044	15533	951137	4501244	1757243	2744001	1420182	20432	0	0	0	0	0	0	0	0	1	1	1	0	1	0	0	0	123	0	1323	16368	0	0	2640	2637	16930	1045	6923	6923	NORM	PA_E	11	0
20131204-161048	15533	951137	4501244	1757243	2744001	1420182	20432	0	0	0	0	0	0	0	0	1	1	1	0	1	0	0	0	123	0	1256	16390	0	0	2500	2496	16927	1044	6915	6915	NORM	PA_E	11	0
20131204-161051	15533	951137	4501244	1757243	2744001	1420182	20432	0	0	0	0	0	0	0	0	1	1	1	0	1	0	0	0	123	0	1191	16383	0	0	2367	2385	16923	1044	6915	6915	NORM	PA_E	11	0
20131204-161055	15533	951137	4501244	1757243	2744001	1420182	20432	0	0	0	0	0	0	0	0	1	1	1	0	1	0	0	0	123	0	1126	16431	0	0	2237	2237	16932	1040	6897	6879	NORM	PA_E	11	0
20131204-161059	15533	951137	4501244	1757243	2744001	1420182	20432	0	0	0	0	0	0	0	0	1	1	1	0	1	0	0	0	123	0	1067	16364	0	0	2129	2138	16920	1040	6906	6906	NORM	PA_E	11	0
20131204-161102	15533	951137	4501244	1757243	2744001	1420182	20432	0	0	0	0	0	0	0	0	1	1	1	0	1	0	0	0	123	0	1021	16355	0	0	2037	2045	16923	1041	6915	6915	NORM	PA_E	11	0
20131204-161106	15533	951137	4501244	1757243	2744001	1420182	20432	0	0	0	0	0	0	0	0	1	1	1	0	1	0	0	0	123	0	0	0	0	0	0	0	16947	12	133	133	NORM	PA_E	11	0
20131204-161110	15533	951137	4501244	1757243	2744001	1420182	20432	0	0	0	0	0	0	0	0	1	1	1	0	1	0	0	0	123	0	0	0	0	0	0	0	16960	0	106	106	NORM	PA_E	11	0
20131204-161114	15533	951137	4501244	1757243	2744001	1420182	20432	0	0	0	0	0	0	0	0	1	1	1	0	1	0	0	0	123	0	0	0	0	0	0	0	16953	18	151	151	NORM	PA_E	11	0
20131204-161117	15533	951137	4501244	1757243	2744001	1420182	20432	0	0	0	0	0	0	0	0	1	1	1	0	1	0	0	0	123	0	0	0	0	0	0	0	16960	20	151	151	NORM	PA_E	11	0
20131204-161121	15533	951137	4501244	1757243	2744001	1420183	20432	0	0	0	0	0	0	0	0	1	1	1	0	1	0	0	0	123	0	0	0	0	0	0	0	16963	24	168	168	NORM	PA_E	11	0
20131204-161125	15533	951137	4501244	1757243	2744001	1420183	20432	0	0	0	0	0	0	0	0	1	1	1	0	1	0	0	0	123	0	0	0	0	0	0	0	16960	24	168	168	NORM	PA_E	11	0
20131204-161129	15533	951137	4501244	1757243	2744001	1420183	20432	0	0	0	0	0	0	0	0	1	1	1	0	1	0	0	0	123	0	0	0	0	0	0	0	16953	24	168	168	NORM	PA_E	11	0
20131204-161132	15533	951137	4501244	1757243	2744001	1420183	20432	0	0	0	0	0	0	0	0	1	1	1	0	1	0	0	0	123	0	0	0	0	0	0	0	16950	25	177	177	NORM	PA_E	11	0
20131204-161136	15533	951137	4501244	1757243	2744001	1420183	20432	0	0	0	0	0	0	0	0	1	1	1	0	1	0	0	0	123	0	0	0	0	0	0	0	16950	24	168	168	NORM	PA_E	11	0
20131204-161140	15533	951137	4501244	1757243	2744013	1420183	20432	0	0	0	0	0	0	0	0	1	1	1	0	1	0	0	0	123	0	0	0	0	0	0	0	16948	24	168	168	NORM	PA_E	11	0
20131204-161144	15533	951137	4501256	1757243	2744013	1420183	20432	0	0	0	0	0	0	0	0	1	1	1	0	1	0	0	0	123	0	0	0	0	0	0	0	16948	24	168	168	NORM	PA_E	11	0
20131204-161147	15533	951137	4501256	1757243	2744013	1420183	20432	0	0	0	0	0	0	0	0	1	1	1	0	1	0	0	0	123	0	0	0	0	0	0	0	16944	24	168	177	NORM	PA_E	11	0
20131204-161151	15533	951137	4501256	1757243	2744013	1420183	20432	0	0	0	0	0	0	0	0	1	1	1	0	1	0	0	0	123	0	65459	0	449	0	65367	65367	16959	23	159	159	NORM	PA_E	11	0
20131204-161155	15533	951137	4501256	1757243	2744013	1420183	20432	0	0	0	0	0	0	0	0	1	1	1	0	1	0	0	0	123	0	65226	0	1799	0	65312	65329	16957	116	675	675	NORM	PA_E	11	0
20131204-161159	15533	951137	4501256	1757243	2744013	1420183	20432	0	0	0	0	0	0	0	0	1	1	1	0	1	0	0	0	123	0	65437	0	578	0	65329	65316	16950	37	239	239	NORM	PA_E	11	0
20131204-161202	15533	951137	4501256	1757243	2744013	1420184	20432	0	0	0	0	0	0	0	0	1	1	1	0	1	0	0	0	123	0	65437	0	578	0	65325	65318	16959	36	239	231	NORM	PA_E	11	0
20131204-161206	15533	951137	4501256	1757243	2744013	1420184	20432	0	0	0	0	0	0	0	0	1	1	1	0	1	0	0	0	123	0	65437	0	578	0	65320	65316	16950	33	222	222	NORM	PA_E	11	0
20131204-161210	15533	951137	4501256	1757243	2744013	1420184	20432	0	0	0	0	0	0	0	0	1	1	1	0	1	0	0	0	123	0	65437	0	578	0	65143	65135	16950	64	506	506	NORM	PA_E	11	0
20131204-161214	15533	951137	4501256	1757243	2744013	1420184	20432	0	0	0	0	0	0	0	0	1	1	1	0	1	0	0	0	123	0	65125	0	2377	0	64699	64695	16957	227	1510	1493	NORM	PA_E	11	0
20131204-161217	15533	951137	4501256	1757243	2744013	1420184	20432	0	0	0	0	0	0	0	0	1	1	1	0	1	0	0	0	123	0	65125	0	2377	0	64687	64658	16957	215	1430	1430	NORM	PA_E	11	0
20131204-161221	15533	951137	4501256	1757243	2744013	1420184	20432	0	0	0	0	0	0	0	0	1	1	1	0	1	0	0	0	123	0	64757	0	5140	0	63406	63358	16968	459	3386	3386	NORM	PA_E	11	0
20131204-161225	15533	951137	4501256	1757243	2744013	1420184	20432	0	0	0	0	0	0	0	0	1	1	1	0	1	0	0	0	123	0	64113	0	8416	0	62503	62470	16971	687	4604	4604	NORM	PA_E	11	0
20131204-161228	15533	951137	4501256	1757243	2744013	1420184	20432	0	0	0	0	0	0	0	0	1	1	1	0	1	0	0	0	123	0	63901	0	9444	0	62229	62223	16972	682	4515	4515	NORM	PA_E	11	0
20131204-161232	15533	951137	4501256	1757243	2744013	1420184	20432	0	0	0	0	0	0	0	0	1	1	1	0	1	0	0	0	123	0	63523	0	11629	0	61463	61460	16965	697	4595	4595	NORM	PA_E	11	0
20131204-161236	15533	951137	4501256	1757243	2744013	1420184	20432	0	0	0	0	0	0	0	0	1	1	1	0	1	0	0	0	123	0	63088	0	14135	0	60350	60361	16968	628	4150	4150	NORM	PA_E	11	0
20131204-161240	15533	951137	4501256	1757249	2744013	1420184	20432	0	0	0	0	0	0	0	1	1	1	1	0	1	0	0	0	123	0	62710	0	16319	514	60013	60017	16948	424	2746	2639	NORM	PA_E	11	0
20131204-161243	15533	951137	4501257	1757249	2744008	1420184	20432	0	0	0	0	0	0	0	1	1	1	1	0	1	0	0	0	123	0	62698	0	16384	642	60463	60454	16942	117	737	737	NORM	PA_E	11	0
20131204-161247	15533	951137	4501257	1757249	2744008	1420184	20432	0	0	0	0	0	0	0	1	1	1	1	0	1	1	0	0	123	0	65170	0	2120	2120	0	0	16941	20	151	151	NORM	PA_E	11	0
20131204-161251	15533	951137	4501257	1757249	2744008	1420184	20432	0	0	0	0	0	0	0	1	1	1	1	1	1	1	0	0	122	0	63925	0	9380	9380	0	0	16935	20	151	151	NORM	CH_I	12	0
20131204-161254	15533	951137	4501257	1757249	2744008	1420184	20432	0	0	0	0	0	0	0	1	1	1	1	1	1	1	0	0	122	0	63913	0	9444	9444	0	0	16941	20	151	151	NORM	CH_E	12	0
20131204-161258	15533	951137	4501257	1757249	2744008	1420184	20432	0	0	0	0	0	0	0	1	1	1	1	1	1	1	0	0	122	0	63913	0	9444	9444	0	0	16932	20	151	151	NORM	CH_E	12	0
20131204-161302	15533	951137	4501257	1757249	2744008	1420184	20432	0	0	0	0	0	0	0	1	1	1	1	1	1	1	0	0	122	0	63925	0	9380	9380	0	0	16933	20	151	151	NORM	CH_E	12	0
20131204-161305	15533	951137	4501257	1757249	2744008	1420184	20432	0	0	0	0	0	0	0	1	1	1	1	1	1	1	0	0	122	0	63935	0	9316	9316	0	0	16932	20	151	151	NORM	CH_E	12	0
20131204-161309	15533	951137	4501257	1757249	2744008	1420184	20432	0	0	0	0	0	0	0	1	1	1	1	1	1	0	0	0	122	0	63957	0	9252	9252	0	0	16941	20	151	151	NORM	CH_E	12	0
20131204-161313	15533	951137	4501257	1757249	2744008	1420184	20432	0	0	0	0	0	0	0	1	1	1	1	1	1	0	0	0	122	0	63946	0	9252	9187	0	0	16945	12	133	133	NORM	CH_E	12	0
20131204-161317	15533	951137	4501257	1757249	2744008	1420184	20432	0	0	0	0	0	0	0	1	1	1	1	1	1	0	0	0	122	0	63957	0	9187	9187	0	0	16948	0	88	79	NORM	CH_E	12	0
20131204-161320	15533	951137	4501257	1757249	2744008	1420184	20432	0	0	0	0	0	0	0	1	1	1	1	1	1	0	0	0	122	0	63957	0	9187	9187	0	0	16950	3	115	115	NORM	CH_E	12	0
20131204-161324	15533	951137	4501257	1757249	2744008	1420184	20432	0	0	0	0	0	0	0	1	1	1	1	1	1	0	0	0	122	0	65168	5850	1092	1092	2629	2626	16942	39	302	302	NORM	CH_E	12	0
20131204-161328	15533	951137	4501257	1757249	2744008	1420184	20432	0	0	0	0	0	0	0	1	1	1	1	0	1	0	0	0	121	0	1840	9434	0	0	3876	3885	16948	168	1253	1253	NORM	PA_I	12	0
20131204-161331	15533	951137	4501257	1757249	2744008	1420184	20432	0	0	0	0	0	0	0	1	1	1	1	0	1	0	0	0	121	0	2505	12322	0	0	5036	5114	16932	510	3439	3439	NORM	PA_E	12	0
20131204-161335	15533	951137	4501257	1757249	2744008	1420184	20432	0	0	0	0	0	0	0	1	1	1	1	0	1	0	0	0	121	0	3145	16467	0	0	6217	6193	16909	1140	7626	7626	NORM	PA_E	12	0
20131204-161339	15533	951137	4501257	1757249	2744008	1420184	20432	0	0	0	0	0	0	0	0	1	1	1	0	1	0	0	0	121	0	2267	16421	0	0	4488	4409	16909	1090	7217	7217	NORM	PA_E	12	0
20131204-161342	15533	951137	4501260	1757250	2744010	1420184	20432	0	0	0	0	0	0	0	0	1	1	1	0	1	0	0	0	121	0	1880	16410	0	0	3698	3701	16909	1064	7048	7048	NORM	PA_E	12	0
20131204-161346	15533	951137	4501260	1757250	2744010	1420184	20432	0	0	0	0	0	0	0	0	1	1	1	0	1	0	0	0	121	0	1655	16435	0	0	3287	3304	16906	1057	6995	6995	NORM	PA_E	12	0
20131204-161350	15533	951137	4501260	1757250	2744010	1420185	20432	0	0	0	0	0	0	0	0	1	1	1	0	1	0	0	0	121	0	1509	16372	0	0	2993	3005	16906	1052	6968	6968	NORM	PA_E	12	0
20131204-161354	15533	951137	4501260	1757250	2744010	1420185	20432	0	0	0	0	0	0	0	0	1	1	1	0	1	0	0	0	121	0	1392	16389	0	0	2770	2671	16917	1028	6772	6772	NORM	PA_E	12	0
20131204-161357	15533	951137	4501260	1757250	2744010	1420185	20432	0	0	0	0	0	0	0	0	1	1	1	0	1	0	0	0	121	0	563	6809	0	0	1116	1114	16935	474	2977	2977	NORM	PA_E	12	0
20131204-161401	15533	951137	4501260	1757250	2744010	1420185	20432	0	0	0	0	0	0	0	0	1	1	1	0	1	0	0	0	121	0	354	4357	0	0	608	609	16947	276	1786	1786	NORM	PA_E	12	0
20131204-161405	15533	951137	4501260	1757250	2744010	1420185	20432	0	0	0	0	0	0	0	0	1	1	1	0	1	0	0	0	121	0	294	3599	0	0	598	596	16938	237	1582	1582	NORM	PA_E	12	0
20131204-161408	15533	951137	4501260	1757250	2744010	1420185	20432	0	0	0	0	0	0	0	0	1	1	1	0	1	0	0	0	121	0	234	2877	0	0	486	479	16942	200	1324	1324	NORM	PA_E	12	0
20131204-161412	15533	951137	4501260	1757250	2744010	1420185	20432	0	0	0	0	0	0	0	0	1	1	1	0	1	0	0	0	121	0	154	1915	0	0	309	311	16939	150	968	959	NORM	PA_E	12	0
20131204-161416	15533	951137	4501260	1757250	2744010	1420185	20432	0	0	0	0	0	0	0	0	1	1	1	0	1	0	0	0	121	0	145	1796	0	0	283	288	16944	132	888	888	NORM	PA_E	12	0
20131204-161419	15533	951137	4501260	1757250	2744010	1420185	20432	0	0	0	0	0	0	0	0	1	1	1	0	1	0	0	0	121	0	107	1240	0	0	177	176	16939	95	631	631	NORM	PA_E	12	0
20131204-161423	15533	951137	4501260	1757250	2744010	1420185	20432	0	0	0	0	0	0	0	0	1	1	1	0	1	0	0	0	121	0	72	904	0	0	143	141	16942	76	515	515	NORM	PA_E	12	0
20131204-161427	15533	951137	4501260	1757250	2744010	1420185	20432	0	0	0	0	0	0	0	0	1	1	1	0	1	0	0	0	121	0	0	3	0	0	2	2	16950	25	177	177	NORM	PA_E	12	0
20131204-161431	15533	951137	4501260	1757250	2744010	1420185	20432	0	0	0	0	0	0	0	0	1	1	1	0	1	0	0	0	121	0	0	0	0	0	0	0	16948	12	133	133	NORM	PA_E	12	0
20131204-161434	15533	951137	4501260	1757250	2744010	1420185	20432	0	0	0	0	0	0	0	0	1	1	1	0	1	0	0	0	121	0	115	1438	0	0	227	232	16945	101	719	719	NORM	PA_E	12	0
20131204-161438	15533	951137	4501260	1757250	2744010	1420186	20432	0	0	0	0	0	0	0	0	1	1	1	0	1	0	0	0	121	0	82	1014	0	0	163	162	16941	89	595	595	NORM	PA_E	12	0
20131204-161442	15533	951137	4501271	1757250	2744021	1420186	20432	0	0	0	0	0	0	0	0	1	1	1	0	1	0	0	0	121	0	54	668	0	0	103	105	16942	69	471	471	NORM	PA_E	12	0
20131204-161446	15533	951137	4501271	1757250	2744021	1420186	20432	0	0	0	0	0	0	0	0	1	1	1	0	1	0	0	0	121	0	82	1004	0	0	165	169	16939	87	595	595	NORM	PA_E	12	0
20131204-161449	15533	951137	4501271	1757250	2744021	1420186	20432	0	0	0	0	0	0	0	0	1	1	1	0	1	0	0	0	121	0	150	1782	0	0	323	323	16935	131	879	879	NORM	PA_E	12	0
20131204-161453	15533	951137	4501271	1757250	2744021	1420186	20432	0	0	0	0	0	0	0	0	1	1	1	0	1	0	0	0	121	0	464	5479	0	0	939	942	16930	336	2257	2257	NORM	PA_E	12	0
20131204-161457	15533	951137	4501271	1757250	2744021	1420186	20432	0	0	0	0	0	0	0	0	1	1	1	0	1	0	0	0	121	0	554	6588	0	0	1105	1104	16923	420	2746	2746	NORM	PA_E	12	0
20131204-161501	15533	951137	4501271	1757250	2744021	1420186	20432	0	0	0	0	0	0	0	0	1	1	1	0	1	0	0	0	121	0	455	5420	0	0	919	912	16924	347	2293	2293	NORM	PA_E	12	0
20131204-161504	15533	951137	4501271	1757250	2744021	1420186	20432	0	0	0	0	0	0	0	0	1	1	1	0	1	0	0	0	121	0	456	5430	0	0	912	913	16926	348	2310	2310	NORM	PA_E	12	0
20131204-161508	15533	951137	4501271	1757250	2744021	1420186	20432	0	0	0	0	0	0	0	0	1	1	1	0	1	0	0	0	121	0	454	5426	0	0	915	915	16926	348	2310	2310	NORM	PA_E	12	0
20131204-161512	15533	951137	4501271	1757250	2744021	1420186	20432	0	0	0	0	0	0	0	0	1	1	1	0	1	0	0	0	121	0	456	5437	0	0	906	912	16918	348	2302	2302	NORM	PA_E	12	0
20131204-161515	15533	951137	4501271	1757250	2744021	1420186	20432	0	0	0	0	0	0	0	0	1	1	1	0	1	0	0	0	121	0	429	5113	0	0	857	857	16921	329	2177	2177	NORM	PA_E	12	0
20131204-161519	15533	951137	4501271	1757250	2744021	1420186	20432	0	0	0	0	0	0	0	0	1	1	1	0	1	0	0	0	121	0	427	5077	0	0	853	857	16917	329	2177	2177	NORM	PA_E	12	0
20131204-161523	15533	951137	4501271	1757250	2744021	1420187	20432	0	0	0	0	0	0	0	0	1	1	1	0	1	0	0	0	121	0	440	5199	0	0	899	907	16921	339	2248	2248	NORM	PA_E	12	0
20131204-161526	15533	951137	4501271	1757250	2744021	1420187	20432	0	0	0	0	0	0	0	0	1	1	1	0	1	0	0	0	121	0	489	5789	0	0	974	975	16905	380	2524	2524	NORM	PA_E	12	0
20131204-161530	15533	951137	4501271	1757250	2744021	1420187	20432	0	0	0	0	0	0	0	0	1	1	1	0	1	0	0	0	121	0	469	5543	0	0	944	939	16909	372	2462	2462	NORM	PA_E	12	0
20131204-161534	15533	951137	4501271	1757250	2744021	1420187	20432	0	0	0	0	0	0	0	0	1	1	1	0	1	0	0	0	121	0	472	5570	0	0	942	939	16912	374	2470	2470	NORM	PA_E	12	0
20131204-161538	15533	951137	4501271	1757250	2744021	1420187	20432	0	0	0	0	0	0	0	0	1	1	1	0	1	0	0	0	121	0	481	5680	0	0	961	961	16921	381	2524	2524	NORM	PA_E	12	0
20131204-161541	15533	951137	4501279	1757250	2744029	1420187	20432	0	0	0	0	0	0	0	0	1	1	1	0	1	0	0	0	121	0	480	5661	0	0	956	963	16915	376	2497	2497	NORM	PA_E	12	0
20131204-161545	15533	951137	4501279	1757250	2744029	1420187	20432	0	0	0	0	0	0	0	0	1	1	1	0	1	0	0	0	121	0	479	5670	0	0	957	962	16915	369	2453	2453	NORM	PA_E	12	0
20131204-161549	15533	951137	4501279	1757250	2744029	1420187	20432	0	0	0	0	0	0	0	0	1	1	1	0	1	0	0	0	121	0	477	5672	0	0	956	961	16915	369	2444	2444	NORM	PA_E	12	0
20131204-161552	15533	951137	4501279	1757250	2744029	1420187	20432	0	0	0	0	0	0	0	0	1	1	1	0	1	0	0	0	121	0	476	5637	0	0	953	953	16920	369	2444	2444	NORM	PA_E	12	0
20131204-161556	15533	951137	4501279	1757250	2744029	1420187	20432	0	0	0	0	0	0	0	0	1	1	1	0	1	0	0	0	121	0	476	5661	0	0	953	956	16918	370	2444	2444	NORM	PA_E	12	0
20131204-161600	15533	951137	4501279	1757250	2744029	1420187	20432	0	0	0	0	0	0	0	0	1	1	1	0	1	0	0	0	121	0	477	5660	0	0	952	948	16920	369	2453	2453	NORM	PA_E	12	0
20131204-161603	15533	951137	4501279	1757250	2744029	1420187	20432	0	0	0	0	0	0	0	0	1	1	1	0	1	0	0	0	121	0	473	5670	0	0	942	946	16917	370	2462	2462	NORM	PA_E	12	0
20131204-161607	15533	951137	4501279	1757250	2744029	1420187	20432	0	0	0	0	0	0	0	0	1	1	1	0	1	0	0	0	121	0	346	4231	0	0	680	692	16926	291	1902	1902	NORM	PA_E	12	0
20131204-161611	15533	951137	4501279	1757250	2744029	1420188	20432	0	0	0	0	0	0	0	0	1	1	1	0	1	0	0	0	121	0	295	3611	0	0	587	594	16921	246	1635	1635	NORM	PA_E	12	0
20131204-161615	15533	951137	4501279	1757250	2744029	1420188	20432	0	0	0	0	0	0	0	0	1	1	1	0	1	0	0	0	121	0	297	3615	0	0	593	594	16923	238	1582	1573	NORM	PA_E	12	0
20131204-161618	15533	951137	4501279	1757250	2744029	1420188	20432	0	0	0	0	0	0	0	0	1	1	1	0	1	0	0	0	121	0	207	2477	0	0	413	413	16932	166	1137	1137	NORM	PA_E	12	0
20131204-161622	15533	951137	4501279	1757250	2744029	1420188	20432	0	0	0	0	0	0	0	0	1	1	1	0	1	0	0	0	121	0	259	3042	0	0	522	516	16933	202	1342	1342	NORM	PA_E	12	0
20131204-161626	15533	951137	4501279	1757250	2744029	1420188	20432	0	0	0	0	0	0	0	0	1	1	1	0	1	0	0	0	121	0	351	4067	0	0	706	702	16930	257	1724	1724	NORM	PA_E	12	0
20131204-161629	15533	951137	4501279	1757250	2744029	1420188	20432	0	0	0	0	0	0	0	0	1	1	1	0	1	0	0	0	121	0	423	4878	0	0	848	845	16923	307	2053	2053	NORM	PA_E	12	0
20131204-161633	15533	951137	4501279	1757250	2744029	1420188	20432	0	0	0	0	0	0	0	0	1	1	1	0	1	0	0	0	121	0	491	5684	0	0	980	977	16918	360	2390	2390	NORM	PA_E	12	0
20131204-161637	15533	951137	4501279	1757250	2744029	1420188	20432	0	0	0	0	0	0	0	0	1	1	1	0	1	0	0	0	121	0	491	5670	0	0	977	985	16917	360	2390	2390	NORM	PA_E	12	0
20131204-161640	15533	951137	4501279	1757250	2744029	1420188	20432	0	0	0	0	0	0	0	0	1	1	1	0	1	0	0	0	121	0	489	5667	0	0	977	977	16924	360	2390	2390	NORM	PA_E	12	0
20131204-161644	15533	951137	4501287	1757250	2744037	1420188	20432	0	0	0	0	0	0	0	0	1	1	1	0	1	0	0	0	121	0	485	5644	0	0	969	978	16917	360	2382	2382	NORM	PA_E	12	0
20131204-161648	15533	951137	4501287	1757250	2744037	1420188	20432	0	0	0	0	0	0	0	0	1	1	1	0	1	0	0	0	121	0	486	5678	0	0	966	971	16915	360	2382	2382	NORM	PA_E	12	0
20131204-161652	15533	951137	4501287	1757250	2744037	1420188	20432	0	0	0	0	0	0	0	0	1	1	1	0	1	0	0	0	121	0	484	5683	0	0	962	969	16914	360	2382	2382	NORM	PA_E	12	0
20131204-161655	15533	951137	4501287	1757250	2744037	1420188	20432	0	0	0	0	0	0	0	0	1	1	1	0	1	0	0	0	121	0	477	5629	0	0	965	967	16917	360	2373	2373	NORM	PA_E	12	0
20131204-161659	15533	951137	4501287	1757250	2744037	1420188	20432	0	0	0	0	0	0	0	0	1	1	1	0	1	0	0	0	121	0	420	4973	0	0	840	845	16917	319	2106	2106	NORM	PA_E	12	0
20131204-161703	15533	951137	4501287	1757250	2744037	1420189	20432	0	0	0	0	0	0	0	0	1	1	1	0	1	0	0	0	121	0	421	4973	0	0	846	841	16915	318	2106	2106	NORM	PA_E	12	0
20131204-161706	15533	951137	4501287	1757250	2744037	1420189	20432	0	0	0	0	0	0	0	0	1	1	1	0	1	0	0	0	121	0	424	5016	0	0	845	841	16915	318	2115	2115	NORM	PA_E	12	0
20131204-161710	15533	951137	4501287	1757250	2744037	1420189	20432	0	0	0	0	0	0	0	0	1	1	1	0	1	0	0	0	121	0	404	4765	0	0	808	809	16920	306	2026	2026	NORM	PA_E	12	0
20131204-161714	15533	951137	4501287	1757250	2744037	1420189	20432	0	0	0	0	0	0	0	0	1	1	1	0	1	0	0	0	121	0	402	4722	0	0	793	791	16918	300	1990	1990	NORM	PA_E	12	0
20131204-161717	15533	951137	4501287	1757250	2744037	1420189	20432	0	0	0	0	0	0	0	0	1	1	1	0	1	0	0	0	121	0	223	2588	0	0	444	447	16932	177	1173	1173	NORM	PA_E	12	0
20131204-161721	15533	951137	4501287	1757250	2744037	1420189	20432	0	0	0	0	0	0	0	0	1	1	1	0	1	0	0	0	121	0	226	2598	0	0	453	455	16926	177	1182	1182	NORM	PA_E	12	0
20131204-161725	15533	951137	4501287	1757250	2744037	1420189	20432	0	0	0	0	0	0	0	0	1	1	1	0	1	0	0	0	121	0	0	0	0	0	0	0	16935	15	106	106	NORM	PA_E	12	0
20131204-161729	15533	951137	4501287	1757250	2744037	1420189	20432	0	0	0	0	0	0	0	0	1	1	1	0	1	0	0	0	121	0	65044	0	2891	0	64532	64525	16950	210	1502	1546	NORM	PA_E	12	0
20131204-161732	15533	951137	4501287	1757250	2744037	1420189	20432	0	0	0	0	0	0	0	0	1	1	1	0	1	0	0	0	121	0	64343	0	7003	0	63108	63103	16963	538	3599	3599	NORM	PA_E	12	0
20131204-161736	15533	951137	4501287	1757250	2744037	1420189	20432	0	0	0	0	0	0	0	0	1	1	1	0	1	0	0	0	121	0	63980	0	9444	0	62160	62094	16970	636	4239	4239	NORM	PA_E	12	0
20131204-161740	15533	951137	4501287	1757250	2744037	1420189	20432	0	0	0	0	0	0	0	0	1	1	1	0	1	0	0	0	121	0	63795	0	10280	0	62003	61991	16963	540	3564	3564	NORM	PA_E	12	0
20131204-161743	15533	951137	4501294	1757252	2744042	1420189	20432	0	0	0	0	0	0	0	1	1	1	1	0	1	0	0	0	121	0	64518	0	5975	0	63458	63465	16959	237	1528	1528	NORM	PA_E	12	0
20131204-161747	15533	951137	4501294	1757252	2744042	1420189	20432	0	0	0	0	0	0	0	1	1	1	1	0	1	0	0	0	121	0	64254	0	7517	0	62926	62964	16954	243	1599	1599	NORM	PA_E	12	0
20131204-161751	15533	951137	4501294	1757252	2744042	1420189	20432	0	0	0	0	0	0	0	1	1	1	1	0	1	0	0	0	121	0	63991	0	9059	0	61434	61425	16960	234	1564	1564	NORM	PA_E	12	0
20131204-161755	15533	951137	4501294	1757252	2744042	1420189	20432	0	0	0	0	0	0	0	1	1	1	1	0	1	0	0	0	121	0	62840	0	13299	4818	63590	63546	16944	76	311	311	NORM	PA_E	12	0
20131204-161758	15533	951137	4501294	1757252	2744042	1420189	20432	0	0	0	0	0	0	0	1	1	1	1	0	1	1	0	0	121	0	65285	0	1477	1028	0	0	16941	0	88	88	NORM	PA_E	12	0
20131204-161802	15533	951137	4501294	1757252	2744042	1420189	20432	0	0	0	0	0	0	0	1	1	1	1	1	1	1	0	0	121	0	63936	0	9380	9380	0	0	16948	0	88	88	NORM	CH_I	13	0
20131204-161806	15533	951137	4501294	1757252	2744042	1420189	20432	0	0	0	0	0	0	0	1	1	1	1	1	1	1	0	0	121	0	63904	0	9509	9509	0	0	16945	0	88	88	NORM	CH_E	13	0
20131204-161809	15533	951137	4501294	1757252	2744042	1420189	20432	0	0	0	0	0	0	0	1	1	1	1	1	1	1	0	0	120	0	63927	0	9509	9509	0	0	16951	0	88	88	NORM	CH_E	13	0
20131204-161813	15533	951137	4501294	1757252	2744042	1420189	20432	0	0	0	0	0	0	0	1	1	1	1	1	1	1	0	0	120	0	63916	0	9573	9573	0	0	16944	0	79	79	NORM	CH_E	13	0
20131204-161817	15533	951137	4501294	1757252	2744042	1420189	20432	0	0	0	0	0	0	0	1	1	1	1	1	1	0	0	0	120	0	63938	0	9444	9444	0	0	16948	0	88	88	NORM	CH_E	13	0
20131204-161820	15533	951137	4501294	1757252	2744042	1420189	20432	0	0	0	0	0	0	0	1	1	1	1	1	1	0	0	0	120	0	63938	0	9444	9444	0	0	16944	0	88	88	NORM	CH_E	13	0
20131204-161824	15533	951137	4501294	1757252	2744042	1420189	20432	0	0	0	0	0	0	0	1	1	1	1	1	1	0	0	0	120	0	63949	0	9380	9380	0	0	16948	0	88	88	NORM	CH_E	13	0
20131204-161828	15533	951137	4501294	1757252	2744042	1420189	20432	0	0	0	0	0	0	0	1	1	1	1	1	1	0	0	0	120	0	63959	0	9316	9316	0	0	16944	0	79	79	NORM	CH_E	13	0
20131204-161832	15533	951137	4501294	1757252	2744042	1420189	20432	0	0	0	0	0	0	0	1	1	1	1	1	1	0	0	0	120	0	63959	0	9252	9252	0	0	16941	0	88	88	NORM	CH_E	13	0
20131204-161835	15533	951137	4501294	1757252	2744042	1420189	20432	0	0	0	0	0	0	0	1	1	1	1	1	1	0	0	0	120	0	63971	0	9252	9252	0	0	16939	0	79	79	NORM	CH_E	13	0
20131204-161839	15533	951137	4501294	1757252	2744042	1420189	20432	0	0	0	0	0	0	0	1	1	1	1	1	1	0	0	0	120	0	63971	0	9252	9252	0	0	16941	0	88	88	NORM	CH_E	13	0
20131204-161843	15533	951137	4501295	1757255	2744040	1420189	20432	0	0	0	0	0	0	0	1	1	1	1	1	1	0	0	0	120	0	63981	0	9123	9187	0	0	16945	0	79	79	NORM	CH_E	13	0
20131204-161846	15533	951137	4501295	1757255	2744040	1420189	20432	0	0	0	0	0	0	0	1	1	1	1	1	1	0	0	0	120	0	63971	0	9252	9316	0	0	16942	0	79	79	NORM	CH_E	13	0
20131204-161850	15533	951137	4501295	1757255	2744040	1420189	20432	0	0	0	0	0	0	0	1	1	1	1	1	1	0	0	0	120	0	63959	0	9316	9316	0	0	16942	0	88	88	NORM	CH_E	13	0
20131204-161854	15533	951137	4501295	1757255	2744040	1420189	20432	0	0	0	0	0	0	0	1	1	1	1	1	1	0	0	0	120	0	63959	0	9316	9316	0	0	16945	0	79	79	NORM	CH_E	13	0
20131204-161857	15533	951137	4501295	1757255	2744040	1420189	20432	0	0	0	0	0	0	0	1	1	1	1	1	1	0	0	0	120	0	63959	0	9316	9316	0	0	16947	0	79	79	NORM	CH_E	13	0
20131204-161901	15533	951137	4501295	1757255	2744040	1420189	20432	0	0	0	0	0	0	0	1	1	1	1	1	1	0	0	0	120	0	1174	5872	0	0	2580	2461	16941	36	302	302	NORM	CH_E	13	0
20131204-161905	15533	951137	4501295	1757255	2744040	1420189	20432	0	0	0	0	0	0	0	1	1	1	1	0	1	0	0	0	120	0	2001	10007	0	0	3999	3997	16930	208	1404	1404	NORM	PA_I	13	0
20131204-161908	15533	951137	4501295	1757255	2744040	1420189	20432	0	0	0	0	0	0	0	1	1	1	1	0	1	0	0	0	120	0	1996	9989	0	0	4004	4001	16921	392	2639	2639	NORM	PA_E	13	0
20131204-161912	15533	951137	4501295	1757255	2744040	1420189	20432	0	0	0	0	0	0	0	1	1	1	1	0	1	0	0	0	120	0	1997	9986	0	0	4010	4018	16911	569	3804	3804	NORM	PA_E	13	0
20131204-161916	15533	951137	4501295	1757255	2744040	1420189	20432	0	0	0	0	0	0	0	1	1	1	1	0	1	0	0	0	120	0	1888	10039	0	0	3643	3648	16908	683	4515	4515	NORM	PA_E	13	0
20131204-161920	15533	951137	4501295	1757255	2744040	1420190	20432	0	0	0	0	0	0	0	1	1	1	1	0	1	0	0	0	120	0	1552	9986	0	0	3085	3083	16906	670	4435	4435	NORM	PA_E	13	0
20131204-161923	15533	951137	4501295	1757255	2744040	1420190	20432	0	0	0	0	0	0	0	0	1	1	1	0	1	0	0	0	120	0	1592	11819	0	0	3216	3266	16894	759	5075	5137	NORM	PA_E	13	0
20131204-161927	15533	951137	4501295	1757255	2744040	1420190	20432	0	0	0	0	0	0	0	0	1	1	1	0	1	0	0	0	120	0	1544	12858	0	0	3065	3069	16885	826	5475	5475	NORM	PA_E	13	0
20131204-161931	15533	951137	4501295	1757255	2744040	1420190	20432	0	0	0	0	0	0	0	0	1	1	1	0	1	0	0	0	120	0	1151	10488	0	0	2294	2284	16900	672	4426	4426	NORM	PA_E	13	0
20131204-161934	15533	951137	4501295	1757255	2744040	1420190	20432	0	0	0	0	0	0	0	0	1	1	1	0	1	0	0	0	120	0	1081	10430	0	0	2169	2162	16899	663	4408	4408	NORM	PA_E	13	0
20131204-161938	15533	951137	4501295	1757255	2744040	1420190	20432	0	0	0	0	0	0	0	0	1	1	1	0	1	0	0	0	120	0	1031	10447	0	0	2054	2049	16897	662	4399	4399	NORM	PA_E	13	0
20131204-161942	15533	951137	4501304	1757255	2744049	1420190	20432	0	0	0	0	0	0	0	0	1	1	1	0	1	0	0	0	120	0	983	10440	0	0	1960	1965	16899	661	4390	4390	NORM	PA_E	13	0
20131204-161945	15533	951137	4501304	1757255	2744049	1420190	20432	0	0	0	0	0	0	0	0	1	1	1	0	1	0	0	0	120	0	946	10448	0	0	1892	1884	16900	660	4381	4381	NORM	PA_E	13	0
20131204-161949	15533	951137	4501304	1757255	2744049	1420190	20432	0	0	0	0	0	0	0	0	1	1	1	0	1	0	0	0	120	0	888	10133	0	0	1674	1769	16899	625	4159	4159	NORM	PA_E	13	0
20131204-161953	15533	951137	4501304	1757255	2744049	1420190	20432	0	0	0	0	0	0	0	0	1	1	1	0	1	0	0	0	120	0	633	7383	0	0	1255	1251	16903	478	3137	3137	NORM	PA_E	13	0
20131204-161957	15533	951137	4501304	1757255	2744049	1420190	20432	0	0	0	0	0	0	0	0	1	1	1	0	1	0	0	0	120	0	211	1610	0	0	260	268	16927	165	906	906	NORM	PA_E	13	0
20131204-162000	15533	951137	4501304	1757255	2744049	1420190	20432	0	0	0	0	0	0	0	0	1	1	1	0	1	0	0	0	120	0	118	1333	0	0	236	239	16927	101	693	693	NORM	PA_E	13	0
20131204-162004	15533	951137	4501304	1757255	2744049	1420190	20432	0	0	0	0	0	0	0	0	1	1	1	0	1	0	0	0	120	0	150	1649	0	0	326	323	16926	120	817	817	NORM	PA_E	13	0
20131204-162008	15533	951137	4501304	1757255	2744049	1420190	20432	0	0	0	0	0	0	0	0	1	1	1	0	1	0	0	0	120	0	30	192	0	0	59	2	16935	60	373	293	NORM	PA_E	13	0
20131204-162012	15533	951137	4501304	1757255	2744049	1420190	20432	0	0	0	0	0	0	0	0	1	1	1	0	1	0	0	0	120	0	132	1371	0	0	263	162	16930	68	542	542	NORM	PA_E	13	0
20131204-162015	15533	951137	4501304	1757255	2744049	1420190	20432	0	0	0	0	0	0	0	0	1	1	1	0	1	0	0	0	120	0	1	11	0	0	1	0	16935	27	195	195	NORM	PA_E	13	0
20131204-162019	15533	951137	4501304	1757255	2744049	1420191	20432	0	0	0	0	0	0	0	0	1	1	1	0	1	0	0	0	120	0	0	0	0	0	0	0	16932	0	79	79	NORM	PA_E	13	0
20131204-162023	15533	951137	4501304	1757255	2744049	1420191	20432	0	0	0	0	0	0	0	0	1	1	1	0	1	0	0	0	120	0	570	5361	0	0	1183	1181	16923	336	2284	2284	NORM	PA_E	13	0
20131204-162026	15533	951137	4501304	1757255	2744049	1420191	20432	0	0	0	0	0	0	0	0	1	1	1	0	1	0	0	0	120	0	182	1694	0	0	408	419	16935	138	959	959	NORM	PA_E	13	0
20131204-162030	15533	951137	4501304	1757255	2744049	1420191	20432	0	0	0	0	0	0	0	0	1	1	1	0	1	0	0	0	120	0	185	1675	0	0	378	377	16936	128	853	853	NORM	PA_E	13	0
20131204-162034	15533	951137	4501304	1757255	2744049	1420191	20432	0	0	0	0	0	0	0	0	1	1	1	0	1	0	0	0	120	0	113	1002	0	0	208	199	16939	96	604	604	NORM	PA_E	13	0
20131204-162038	15533	951137	4501304	1757255	2744049	1420191	20432	0	0	0	0	0	0	0	0	1	1	1	0	1	0	0	0	120	0	272	2314	0	0	558	732	16920	168	1128	1128	NORM	PA_E	13	0
20131204-162041	15533	951137	4501310	1757255	2744055	1420191	20432	0	0	0	0	0	0	0	0	1	1	1	0	1	0	0	0	120	0	438	3722	0	0	879	876	16926	252	1670	1670	NORM	PA_E	13	0
20131204-162045	15533	951137	4501310	1757255	2744055	1420191	20432	0	0	0	0	0	0	0	0	1	1	1	0	1	0	0	0	120	0	144	1212	0	0	435	433	16939	123	835	835	NORM	PA_E	13	0
20131204-162049	15533	951137	4501310	1757255	2744055	1420191	20432	0	0	0	0	0	0	0	0	1	1	1	0	1	0	0	0	120	0	803	6694	0	0	1471	1474	16920	420	2764	2764	NORM	PA_E	13	0
20131204-162052	15533	951137	4501310	1757255	2744055	1420191	20432	0	0	0	0	0	0	0	0	1	1	1	0	1	0	0	0	120	0	347	2952	0	0	585	581	16930	208	1324	1324	NORM	PA_E	13	0
20131204-162056	15533	951137	4501310	1757255	2744055	1420191	20432	0	0	0	0	0	0	0	0	1	1	1	0	1	0	0	0	120	0	2	18	0	0	0	0	16936	36	257	257	NORM	PA_E	13	0
20131204-162100	15533	951137	4501310	1757255	2744055	1420191	20432	0	0	0	0	0	0	0	0	1	1	1	0	1	0	0	0	120	0	265	2379	0	0	607	599	16933	163	1102	1137	NORM	PA_E	13	0
20131204-162104	15533	951137	4501310	1757255	2744055	1420191	20432	0	0	0	0	0	0	0	0	1	1	1	0	1	0	0	0	120	0	206	1580	0	0	306	9	16930	93	657	657	NORM	PA_E	13	0
20131204-162107	15533	951137	4501310	1757255	2744055	1420191	20432	0	0	0	0	0	0	0	0	1	1	1	0	1	0	0	0	120	0	275	2038	0	0	613	613	16923	150	1057	1057	NORM	PA_E	13	0
20131204-162111	15533	951137	4501310	1757255	2744055	1420191	20432	0	0	0	0	0	0	0	0	1	1	1	0	1	0	0	0	120	0	491	3625	0	0	979	979	16920	255	1697	1697	NORM	PA_E	13	0
20131204-162115	15533	951137	4501310	1757255	2744055	1420191	20432	0	0	0	0	0	0	0	0	1	1	1	0	1	0	0	0	120	0	0	1	0	0	0	0	16929	53	293	293	NORM	PA_E	13	0
20131204-162118	15533	951137	4501310	1757255	2744055	1420191	20432	0	0	0	0	0	0	0	0	1	1	1	0	1	0	0	0	120	0	0	1	0	0	0	0	16932	36	257	257	NORM	PA_E	13	0
20131204-162122	15533	951137	4501310	1757255	2744055	1420191	20432	0	0	0	0	0	0	0	0	1	1	1	0	1	0	0	0	120	0	0	0	0	0	5	2	16920	33	195	195	NORM	PA_E	13	0
20131204-162126	15533	951137	4501310	1757255	2744055	1420192	20432	0	0	0	0	0	0	0	0	1	1	1	0	1	0	0	0	120	0	290	1923	0	0	579	574	16912	159	1066	1066	NORM	PA_E	13	0
20131204-162130	15533	951137	4501310	1757255	2744055	1420192	20432	0	0	0	0	0	0	0	0	1	1	1	0	1	0	0	0	120	0	405	2651	0	0	961	967	16920	210	1413	1413	NORM	PA_E	13	0
20131204-162133	15533	951137	4501310	1757255	2744055	1420192	20432	0	0	0	0	0	0	0	0	1	1	1	0	1	0	0	0	120	0	476	3177	0	0	952	952	16918	237	1564	1564	NORM	PA_E	13	0
20131204-162137	15533	951137	4501310	1757255	2744055	1420192	20432	0	0	0	0	0	0	0	0	1	1	1	0	1	0	0	0	120	0	355	2375	0	0	710	715	16911	188	1253	1253	NORM	PA_E	13	0
20131204-162141	15533	951137	4501310	1757255	2744055	1420192	20432	0	0	0	0	0	0	0	0	1	1	1	0	1	0	0	0	120	0	0	3	0	0	0	0	16924	39	266	266	NORM	PA_E	13	0
20131204-162144	15533	951137	4501315	1757255	2744060	1420192	20432	0	0	0	0	0	0	0	0	1	1	1	0	1	0	0	0	120	0	487	3064	0	0	969	969	16915	228	1528	1537	NORM	PA_E	13	0
20131204-162148	15533	951137	4501315	1757255	2744060	1420192	20432	0	0	0	0	0	0	0	0	1	1	1	0	1	0	0	0	120	0	434	2718	0	0	866	868	16923	204	1377	1377	NORM	PA_E	13	0
20131204-162152	15533	951137	4501315	1757255	2744060	1420192	20432	0	0	0	0	0	0	0	0	1	1	1	0	1	0	0	0	120	0	313	1918	0	0	630	627	16927	159	1066	1066	NORM	PA_E	13	0
20131204-162155	15533	951137	4501315	1757255	2744060	1420192	20432	0	0	0	0	0	0	0	0	1	1	1	0	1	0	0	0	120	0	313	1913	0	0	632	631	16932	161	1075	1075	NORM	PA_E	13	0
20131204-162159	15533	951137	4501315	1757255	2744060	1420192	20432	0	0	0	0	0	0	0	0	1	1	1	0	1	0	0	0	120	0	0	1	0	0	0	0	16933	51	302	302	NORM	PA_E	13	0
20131204-162203	15533	951137	4501315	1757255	2744060	1420192	20432	0	0	0	0	0	0	0	0	1	1	1	0	1	0	0	0	120	0	0	0	0	0	0	0	16932	18	142	142	NORM	PA_E	13	0
20131204-162207	15533	951137	4501315	1757255	2744060	1420192	20432	0	0	0	0	0	0	0	0	1	1	1	0	1	0	0	0	120	0	0	0	0	0	0	0	16930	4	88	88	NORM	PA_E	13	0
20131204-162210	15533	951137	4501315	1757255	2744060	1420192	20432	0	0	0	0	0	0	0	0	1	1	1	0	1	0	0	0	120	0	0	0	0	0	0	0	16933	0	79	88	NORM	PA_E	13	0
20131204-162214	15533	951137	4501315	1757255	2744060	1420192	20432	0	0	0	0	0	0	0	1	1	1	1	0	1	0	0	0	120	0	0	0	0	0	0	0	16927	0	88	88	NORM	PA_E	13	0
20131204-162218	15533	951137	4501315	1757255	2744060	1420192	20432	0	0	0	0	0	0	0	1	1	1	1	0	1	0	0	0	120	0	0	0	0	0	0	0	16930	0	88	88	NORM	PA_E	13	0
20131204-162222	15533	951137	4501315	1757255	2744060	1420192	20432	0	0	0	0	0	0	0	1	1	1	1	0	1	0	0	0	120	0	64874	0	3598	0	64822	65179	16920	110	702	444	NORM	PA_E	13	0
20131204-162225	15533	951137	4501315	1757255	2744060	1420192	20432	0	0	0	0	0	0	0	1	1	1	1	0	1	0	0	0	120	0	62763	0	16384	16384	0	0	16917	0	79	79	NORM	PA_E	13	0
20131204-162229	15533	951137	4501315	1757255	2744060	1420192	20432	0	0	0	0	0	0	0	1	1	1	1	0	1	0	0	0	120	0	0	0	0	0	0	0	16918	0	88	88	NORM	PA_E	13	0
20131204-162233	15533	951137	4501315	1757255	2744060	1420192	20432	0	0	0	0	0	0	0	1	1	1	1	0	1	0	0	0	120	0	0	0	0	0	0	0	16914	0	88	88	NORM	PA_E	13	0
20131204-162236	15533	951137	4501315	1757255	2744060	1420192	20432	0	0	0	0	0	0	0	1	1	1	1	0	1	0	0	0	120	0	0	0	0	0	0	0	16921	0	79	79	NORM	PA_E	13	0
20131204-162240	15533	951137	4501315	1757255	2744060	1420192	20432	0	0	0	0	0	0	0	1	1	1	1	0	1	0	0	0	120	0	0	0	0	0	65153	64495	16930	10	124	124	NORM	PA_E	13	0
20131204-162244	15533	951137	4501317	1757255	2744062	1420192	20432	0	0	0	0	0	0	0	0	1	1	1	0	1	0	0	0	120	0	63460	0	11693	7131	64433	64622	16926	46	284	284	NORM	PA_E	13	0
20131204-162248	15533	951137	4501317	1757255	2744062	1420192	20432	0	0	0	0	0	0	0	0	1	1	1	0	1	0	0	0	120	0	63600	0	11565	11565	0	0	16927	0	88	88	NORM	PA_E	13	0
20131204-162251	15533	951137	4501317	1757255	2744062	1420192	20432	0	0	0	0	0	0	0	0	1	1	1	1	1	1	0	0	119	0	64069	0	8995	8995	0	0	16923	0	79	88	NORM	CH_I	14	0
20131204-162255	15533	951137	4501317	1757255	2744062	1420192	20432	0	0	0	0	0	0	0	0	1	1	1	1	1	1	0	0	119	0	63939	0	9509	9509	0	0	16927	0	88	88	NORM	CH_E	14	0
20131204-162259	15533	951137	4501317	1757255	2744062	1420192	20432	0	0	0	0	0	0	0	0	1	1	1	1	1	1	0	0	119	0	63939	0	9509	9509	0	0	16923	0	88	88	NORM	CH_E	14	0
20131204-162302	15533	951137	4501317	1757255	2744062	1420192	20432	0	0	0	0	0	0	0	0	1	1	1	1	1	1	0	0	119	0	63929	0	9573	9573	0	0	16932	0	79	79	NORM	CH_E	14	0
20131204-162306	15533	951137	4501317	1757255	2744062	1420192	20432	0	0	0	0	0	0	0	0	1	1	1	1	1	1	0	0	118	0	63942	0	9573	9573	0	0	16929	0	88	88	NORM	CH_E	14	0
20131204-162310	15533	951137	4501317	1757255	2744062	1420192	20432	0	0	0	0	0	0	0	0	1	1	1	1	1	1	0	0	118	0	63942	0	9573	9573	0	0	16933	0	88	88	NORM	CH_E	14	0
20131204-162313	15533	951137	4501317	1757255	2744062	1420192	20432	0	0	0	0	0	0	0	0	1	1	1	1	1	1	0	0	118	0	63952	0	9509	9573	0	0	16932	0	88	88	NORM	CH_E	14	0
20131204-162317	15533	951137	4501317	1757255	2744062	1420192	20432	0	0	0	0	0	0	0	0	1	1	1	1	1	1	0	0	118	0	63942	0	9573	9573	0	0	16927	0	88	79	NORM	CH_E	14	0
20131204-162321	15533	951137	4501317	1757255	2744062	1420192	20432	0	0	0	0	0	0	0	0	1	1	1	1	1	1	0	0	118	0	63952	0	9509	9509	0	0	16936	0	88	88	NORM	CH_E	14	0
20131204-162325	15533	951137	4501317	1757255	2744062	1420192	20432	0	0	0	0	0	0	0	0	1	1	1	1	1	1	0	0	118	0	63952	0	9509	9509	0	0	16927	0	88	88	NORM	CH_E	14	0
20131204-162328	15533	951137	4501317	1757255	2744062	1420192	20432	0	0	0	0	0	0	0	0	1	1	1	1	1	1	0	0	118	0	63942	0	9573	9573	0	0	16927	0	88	88	NORM	CH_E	14	0
20131204-162332	15533	951137	4501317	1757255	2744062	1420192	20432	0	0	0	0	0	0	0	0	1	1	1	1	1	1	0	0	117	0	63954	0	9573	9573	0	0	16927	0	88	88	NORM	CH_E	14	0
20131204-162336	15533	951137	4501317	1757255	2744062	1420192	20432	0	0	0	0	0	0	0	0	1	1	1	1	1	1	0	0	117	0	63954	0	9573	9573	0	0	16932	0	88	88	NORM	CH_E	14	0
20131204-162339	15533	951137	4501317	1757255	2744062	1420192	20432	0	0	0	0	0	0	0	0	1	1	1	1	1	1	0	0	117	0	63954	0	9573	9573	0	0	16921	0	88	79	NORM	CH_E	14	0
20131204-162343	15533	951137	4501317	1757255	2744062	1420192	20432	0	0	0	0	0	0	0	0	1	1	1	1	1	1	0	0	117	0	63954	0	9573	9573	0	0	16932	0	88	88	NORM	CH_E	14	0
20131204-162347	15533	951137	4501317	1757255	2744062	1420192	20432	0	0	0	0	0	0	0	0	1	1	1	1	1	1	0	0	117	0	63954	0	9573	9573	0	0	16935	0	79	79	NORM	CH_E	14	0
20131204-162350	15533	951137	4501317	1757255	2744062	1420192	20432	0	0	0	0	0	0	0	0	1	1	1	1	1	1	0	0	117	0	63954	0	9573	9573	0	0	16932	0	79	79	NORM	CH_E	14	0
20131204-162354	15533	951137	4501317	1757255	2744062	1420192	20432	0	0	0	0	0	0	0	0	1	1	1	1	1	1	0	0	117	0	63954	0	9573	9573	0	0	16926	0	88	88	NORM	CH_E	14	0
20131204-162358	15533	951137	4501317	1757255	2744062	1420192	20432	0	0	0	0	0	0	0	0	1	1	1	1	1	1	0	0	117	0	63954	0	9573	9573	0	0	16929	0	88	88	NORM	CH_E	14	0
20131204-162401	15533	951137	4501317	1757255	2744062	1420192	20432	0	0	0	0	0	0	0	0	1	1	1	1	1	1	0	0	117	0	63954	0	9573	9573	0	0	16932	0	88	88	NORM	CH_E	14	0
20131204-162405	15533	951137	4501317	1757255	2744062	1420192	20432	0	0	0	0	0	0	0	0	1	1	1	1	1	1	0	0	117	0	63954	0	9573	9573	0	0	16929	0	88	79	NORM	CH_E	14	0
20131204-162409	15533	951137	4501317	1757255	2744062	1420192	20432	0	0	0	0	0	0	0	0	1	1	1	1	1	1	0	0	117	0	63954	0	9637	9637	0	0	16930	0	88	88	NORM	CH_E	14	0
20131204-162413	15533	951137	4501317	1757255	2744062	1420192	20432	0	0	0	0	0	0	0	0	1	1	1	1	1	1	0	0	117	0	63954	0	9573	9573	0	0	16929	0	88	88	NORM	CH_E	14	0
20131204-162416	15533	951137	4501317	1757255	2744062	1420192	20432	0	0	0	0	0	0	0	0	1	1	1	1	1	1	0	0	117	0	63944	0	9637	9573	0	0	16932	0	88	88	NORM	CH_E	14	0
20131204-162420	15533	951137	4501317	1757255	2744062	1420192	20432	0	0	0	0	0	0	0	0	1	1	1	1	1	1	0	0	117	0	63944	0	9573	9573	0	0	16932	0	79	79	NORM	CH_E	14	0
20131204-162424	15533	951137	4501317	1757255	2744062	1420192	20432	0	0	0	0	0	0	0	0	1	1	1	1	1	1	0	0	117	0	63944	0	9637	9573	0	0	16935	4	106	106	NORM	CH_E	14	0
20131204-162427	15533	951137	4501317	1757255	2744062	1420192	20432	0	0	0	0	0	0	0	0	1	1	1	1	1	1	0	0	117	0	63954	0	9637	9637	0	0	16929	8	124	124	NORM	CH_E	14	0
20131204-162431	15533	951137	4501317	1757255	2744062	1420192	20432	0	0	0	0	0	0	0	0	1	1	1	1	1	1	0	0	117	0	63954	0	9573	9573	0	0	16929	8	124	124	NORM	CH_E	14	0
20131204-162435	15533	951137	4501317	1757255	2744062	1420192	20432	0	0	0	0	0	0	0	0	1	1	1	1	1	1	0	0	117	0	63954	0	9573	9573	0	0	16924	8	124	124	NORM	CH_E	14	0
20131204-162438	15533	951137	4501317	1757255	2744062	1420192	20432	0	0	0	0	0	0	0	0	1	1	1	1	1	1	0	0	117	0	63954	0	9573	9573	0	0	16933	9	124	124	NORM	CH_E	14	0
20131204-162442	15533	951137	4501317	1757255	2744062	1420192	20432	0	0	0	0	0	0	0	0	1	1	1	1	1	1	0	0	117	0	63954	0	9573	9573	0	0	16924	8	124	124	NORM	CH_E	14	0
20131204-162446	15533	951137	4501317	1757255	2744062	1420192	20432	0	0	0	0	0	0	0	0	1	1	1	1	1	1	0	0	117	0	63954	0	9573	9573	0	0	16921	6	124	124	NORM	CH_E	14	0
20131204-162449	15533	951137	4501317	1757255	2744062	1420192	20432	0	0	0	0	0	0	0	0	1	1	1	1	1	1	0	0	117	0	63954	0	9573	9573	0	0	16924	8	124	124	NORM	CH_E	14	0
20131204-162453	15533	951137	4501317	1757255	2744062	1420192	20432	0	0	0	0	0	0	0	0	1	1	1	1	1	1	0	0	117	0	63954	0	9573	9573	0	0	16933	7	124	115	NORM	CH_E	14	0
20131204-162457	15533	951137	4501317	1757255	2744062	1420192	20432	0	0	0	0	0	0	0	0	1	1	1	1	1	1	0	0	117	0	63954	0	9573	9573	0	0	16927	6	124	124	NORM	CH_E	14	0
20131204-162501	15533	951137	4501317	1757255	2744062	1420192	20432	0	0	0	0	0	0	0	0	1	1	1	1	1	1	0	0	117	0	63954	0	9573	9573	0	0	16921	0	79	88	NORM	CH_E	14	0
20131204-162504	15533	951137	4501317	1757255	2744062	1420192	20432	0	0	0	0	0	0	0	0	1	1	1	1	1	1	0	0	117	0	63954	0	9573	9573	0	0	16924	0	88	88	NORM	CH_E	14	0
20131204-162508	15533	951137	4501317	1757255	2744062	1420192	20432	0	0	0	0	0	0	0	0	1	1	1	1	1	1	0	0	117	0	63954	0	9573	9573	0	0	16924	0	88	88	NORM	CH_E	14	0
20131204-162512	15533	951137	4501317	1757255	2744062	1420192	20432	0	0	0	0	0	0	0	0	1	1	1	1	1	1	0	0	117	0	63954	0	9573	9573	0	0	16921	0	79	79	NORM	CH_E	14	0
20131204-162515	15533	951137	4501317	1757255	2744062	1420192	20432	0	0	0	0	0	0	0	0	1	1	1	1	1	1	0	0	117	0	63954	0	9573	9573	0	0	16929	0	88	88	NORM	CH_E	14	0
20131204-162519	15533	951137	4501317	1757255	2744062	1420192	20432	0	0	0	0	0	0	0	0	1	1	1	1	1	1	0	0	117	0	63954	0	9573	9573	0	0	16924	0	97	97	NORM	CH_E	14	0
20131204-162523	15533	951137	4501317	1757255	2744062	1420192	20432	0	0	0	0	0	0	0	0	1	1	1	1	1	1	0	0	117	0	63954	0	9573	9573	0	0	16920	1	106	106	NORM	CH_E	14	0
20131204-162526	15533	951137	4501317	1757255	2744062	1420192	20432	0	0	0	0	0	0	0	0	1	1	1	1	1	1	0	0	117	0	63954	0	9573	9573	0	0	16921	20	151	151	NORM	CH_E	14	0
20131204-162530	15533	951137	4501317	1757255	2744062	1420192	20432	0	0	0	0	0	0	0	0	1	1	1	1	1	1	0	0	117	0	63954	0	9573	9573	0	0	16918	19	151	151	NORM	CH_E	14	0
20131204-162534	15533	951137	4501317	1757255	2744062	1420192	20432	0	0	0	0	0	0	0	0	1	1	1	1	1	1	0	0	117	0	63954	0	9573	9573	0	0	16924	8	124	124	NORM	CH_E	14	0
20131204-162538	15533	951137	4501317	1757255	2744062	1420192	20432	0	0	0	0	0	0	0	0	1	1	1	1	1	1	0	0	117	0	63954	0	9573	9573	0	0	16923	8	124	124	NORM	CH_E	14	0
20131204-162541	15533	951137	4501318	1757255	2744063	1420192	20432	0	0	0	0	0	0	0	0	1	1	1	1	1	1	0	0	117	0	63954	0	9573	9573	0	0	16917	9	124	124	NORM	CH_E	14	0
20131204-162545	15533	951137	4501318	1757255	2744063	1420192	20432	0	0	0	0	0	0	0	0	1	1	1	1	1	1	0	0	117	0	63954	0	9573	9573	0	0	16918	7	124	124	NORM	CH_E	14	0
20131204-162549	15533	951137	4501318	1757255	2744063	1420192	20432	0	0	0	0	0	0	0	0	1	1	1	1	1	1	0	0	117	0	63954	0	9573	9573	0	0	16926	7	124	124	NORM	CH_E	14	0
20131204-162552	15533	951137	4501318	1757255	2744063	1420192	20432	0	0	0	0	0	0	0	0	1	1	1	1	1	1	0	0	117	0	63954	0	9573	9573	0	0	16930	6	124	124	NORM	CH_E	14	0
20131204-162556	15533	951137	4501318	1757255	2744063	1420192	20432	0	0	0	0	0	0	0	0	1	1	1	1	1	1	0	0	117	0	63954	0	9573	9573	0	0	16924	7	124	124	NORM	CH_E	14	0
20131204-162600	15533	951137	4501318	1757255	2744063	1420192	20432	0	0	0	0	0	0	0	0	1	1	1	1	1	1	0	0	117	0	63954	0	9573	9573	0	0	16926	0	79	79	NORM	CH_E	14	0
20131204-162603	15533	951137	4501318	1757255	2744063	1420192	20432	0	0	0	0	0	0	0	0	1	1	1	1	1	1	0	0	117	0	63954	0	9573	9573	0	0	16924	0	88	88	NORM	CH_E	14	0
20131204-162607	15533	951137	4501318	1757255	2744063	1420192	20432	0	0	0	0	0	0	0	0	1	1	1	1	1	1	0	0	117	0	63954	0	9573	9573	0	0	16921	0	88	88	NORM	CH_E	14	0
20131204-162611	15533	951137	4501318	1757255	2744063	1420192	20432	0	0	0	0	0	0	0	0	1	1	1	1	1	1	0	0	117	0	63954	0	9573	9573	0	0	16923	0	88	88	NORM	CH_E	14	0
20131204-162614	15533	951137	4501318	1757255	2744063	1420192	20432	0	0	0	0	0	0	0	0	1	1	1	1	1	1	0	0	117	0	63954	0	9573	9573	0	0	16921	0	88	88	NORM	CH_E	14	0
20131204-162618	15533	951137	4501318	1757255	2744063	1420192	20432	0	0	0	0	0	0	0	0	1	1	1	1	1	1	0	0	117	0	63954	0	9573	9573	0	0	16924	0	88	88	NORM	CH_E	14	0
20131204-162622	15533	951137	4501318	1757255	2744063	1420192	20432	0	0	0	0	0	0	0	0	1	1	1	1	1	1	0	0	117	0	63954	0	9573	9573	0	0	16927	0	88	88	NORM	CH_E	14	0
20131204-162625	15533	951137	4501318	1757255	2744063	1420192	20432	0	0	0	0	0	0	0	0	1	1	1	1	1	1	0	0	117	0	63954	0	9573	9573	0	0	16926	0	88	88	NORM	CH_E	14	0
20131204-162629	15533	951137	4501318	1757255	2744063	1420192	20432	0	0	0	0	0	0	0	0	1	1	1	1	1	1	0	0	117	0	63954	0	9573	9573	0	0	16921	6	124	124	NORM	CH_E	14	0
20131204-162633	15533	951137	4501318	1757255	2744063	1420192	20432	0	0	0	0	0	0	0	0	1	1	1	1	1	1	0	0	117	0	63954	0	9573	9573	0	0	16927	7	124	124	NORM	CH_E	14	0
20131204-162637	15533	951137	4501318	1757255	2744063	1420192	20432	0	0	0	0	0	0	0	0	1	1	1	1	1	1	0	0	117	0	63965	0	9573	9573	0	0	16924	6	124	124	NORM	CH_E	14	0
20131204-162640	15533	951137	4501318	1757255	2744063	1420192	20432	0	0	0	0	0	0	0	0	1	1	1	1	1	1	0	0	117	0	63954	0	9573	9573	0	0	16924	7	124	124	NORM	CH_E	14	0
20131204-162644	15533	951137	4501318	1757255	2744063	1420192	20432	0	0	0	0	0	0	0	0	1	1	1	1	1	1	0	0	117	0	63954	0	9573	9573	0	0	16923	6	115	115	NORM	CH_E	14	0
20131204-162648	15533	951137	4501318	1757255	2744063	1420192	20432	0	0	0	0	0	0	0	0	1	1	1	1	1	1	0	0	117	0	63954	0	9573	9573	0	0	16927	9	124	124	NORM	CH_E	14	0
20131204-162651	15533	951137	4501318	1757255	2744063	1420192	20432	0	0	0	0	0	0	0	0	1	1	1	1	1	1	0	0	117	0	63954	0	9573	9573	0	0	16920	7	124	124	NORM	CH_E	14	0
20131204-162655	15533	951137	4501318	1757255	2744063	1420192	20432	0	0	0	0	0	0	0	0	1	1	1	1	1	1	0	0	117	0	63954	0	9573	9573	0	0	16933	8	124	124	NORM	CH_E	14	0
20131204-162659	15533	951137	4501318	1757255	2744063	1420192	20432	0	0	0	0	0	0	0	0	1	1	1	1	1	1	0	0	117	0	63954	0	9573	9573	0	0	16926	7	124	124	NORM	CH_E	14	0
20131204-162702	15533	951137	4501318	1757255	2744063	1420192	20432	0	0	0	0	0	0	0	0	1	1	1	1	1	1	0	0	117	0	63954	0	9573	9573	0	0	16927	0	79	79	NORM	CH_E	14	0
20131204-162706	15533	951137	4501318	1757255	2744063	1420192	20432	0	0	0	0	0	0	0	0	1	1	1	1	1	1	0	0	117	0	63944	0	9637	9573	0	0	16918	0	88	88	NORM	CH_E	14	0
20131204-162710	15533	951137	4501318	1757255	2744063	1420192	20432	0	0	0	0	0	0	0	0	1	1	1	1	1	1	0	0	117	0	63954	0	9573	9573	0	0	16920	0	88	88	NORM	CH_E	14	0
20131204-162713	15533	951137	4501318	1757255	2744063	1420192	20432	0	0	0	0	0	0	0	0	1	1	1	1	1	1	0	0	117	0	63954	0	9573	9573	0	0	16918	7	124	124	NORM	CH_E	14	0
20131204-162717	15533	951137	4501318	1757255	2744063	1420192	20432	0	0	0	0	0	0	0	0	1	1	1	1	1	1	0	0	117	0	63954	0	9573	9573	0	0	16917	6	124	124	NORM	CH_E	14	0
20131204-162721	15533	951137	4501318	1757255	2744063	1420192	20432	0	0	0	0	0	0	0	0	1	1	1	1	1	1	0	0	117	0	63954	0	9573	9573	0	0	16915	19	151	151	NORM	CH_E	14	0
20131204-162725	15533	951137	4501318	1757255	2744063	1420192	20432	0	0	0	0	0	0	0	0	1	1	1	1	1	1	0	0	117	0	63954	0	9573	9573	0	0	16924	19	151	151	NORM	CH_E	14	0
20131204-162728	15533	951137	4501318	1757255	2744063	1420192	20432	0	0	0	0	0	0	0	0	1	1	1	1	1	1	0	0	117	0	63954	0	9573	9573	0	0	16929	15	151	159	NORM	CH_E	14	0
20131204-162732	15533	951137	4501318	1757255	2744063	1420192	20432	0	0	0	0	0	0	0	0	1	1	1	1	1	1	0	0	117	0	63954	0	9573	9573	0	0	16926	22	159	159	NORM	CH_E	14	0
20131204-162736	15533	951137	4501318	1757255	2744063	1420192	20432	0	0	0	0	0	0	0	0	1	1	1	1	1	1	0	0	117	0	63954	0	9573	9573	0	0	16924	22	159	159	NORM	CH_E	14	0
20131204-162739	15533	951137	4501318	1757255	2744063	1420192	20432	0	0	0	0	0	0	0	1	0	1	1	1	1	1	0	0	117	0	63911	0	9830	9830	0	0	16921	24	177	177	NORM	FIM_M	14	0
20131204-162743	15533	951137	4501318	1757255	2744063	1420192	20432	0	0	0	0	0	0	0	1	0	1	1	1	1	1	0	0	117	0	63944	0	9637	9637	0	0	16912	19	151	151	NORM	N_D	14	0
20131204-162747	15533	951137	4501318	1757255	2744063	1420192	20432	0	0	0	0	0	0	0	1	0	1	1	1	1	1	0	0	117	0	63954	0	9573	9573	0	0	16911	10	124	124	NORM	N_D	0	0
20131204-162750	15533	951137	4501318	1757255	2744063	1420192	20432	0	0	0	0	0	0	0	1	0	1	1	1	1	1	0	0	117	0	63954	0	9573	9573	0	0	16917	7	124	124	NORM	N_D	0	0
20131204-162754	15533	951137	4501318	1757255	2744063	1420192	20432	0	0	0	0	0	0	0	1	0	1	1	1	1	1	0	0	117	0	63965	0	9509	9573	0	0	16914	2	88	88	NORM	N_D	0	0
20131204-162758	15533	951137	4501318	1757255	2744063	1420192	20432	0	0	0	0	0	0	0	1	0	1	1	1	1	1	0	0	117	0	63965	0	9509	9509	0	0	16909	0	88	88	NORM	N_D	0	0
20131204-162801	15533	951137	4501318	1757255	2744063	1420192	20432	0	0	0	0	0	0	0	1	0	1	1	1	1	1	0	0	117	0	63986	0	9380	9380	0	0	16920	0	88	88	NORM	N_D	0	0
20131204-162805	15533	951137	4501318	1757255	2744063	1420192	20432	0	0	0	0	0	0	0	1	0	1	1	1	1	1	0	0	117	0	63986	0	9444	9444	0	0	16915	0	88	88	NORM	N_D	0	0
20131204-162809	15533	951137	4501318	1757255	2744063	1420192	20432	0	0	0	0	0	0	0	1	0	1	1	1	1	1	0	0	117	0	63986	0	9380	9380	0	0	16918	0	79	79	NORM	N_D	0	0
20131204-162813	15533	951137	4501318	1757255	2744063	1420192	20432	0	0	0	0	0	0	0	1	0	1	1	1	1	1	0	0	117	0	63975	0	9444	9380	0	0	16914	6	124	124	NORM	N_D	0	0
20131204-162816	15533	951137	4501318	1757255	2744063	1420192	20432	0	0	0	0	0	0	0	1	0	1	1	1	1	1	0	0	117	0	63954	0	9573	9573	0	0	16926	8	124	124	NORM	N_D	0	0
20131204-162820	15533	951137	4501318	1757255	2744063	1420192	20432	0	0	0	0	0	0	0	1	0	1	1	1	1	1	0	0	117	0	63954	0	9637	9637	0	0	16915	7	124	124	NORM	N_D	0	0
20131204-162824	15533	951137	4501318	1757255	2744063	1420192	20432	0	0	0	0	0	0	0	1	0	1	1	1	1	1	0	0	117	0	63954	0	9573	9637	0	0	16918	8	124	124	NORM	N_D	0	0
20131204-162827	15533	951137	4501318	1757255	2744063	1420192	20432	0	0	0	0	0	0	0	1	0	1	1	1	1	1	0	0	117	0	63954	0	9637	9637	0	0	16920	9	124	115	NORM	N_D	0	0
20131204-162831	15533	951137	4501318	1757255	2744063	1420192	20432	0	0	0	0	0	0	0	1	0	1	1	1	1	1	0	0	117	0	63954	0	9573	9573	0	0	16923	9	115	115	NORM	N_D	0	0
20131204-162835	15533	951137	4501318	1757255	2744063	1420192	20432	0	0	0	0	0	0	0	1	0	1	1	1	1	1	0	0	117	0	63954	0	9573	9573	0	0	16920	8	124	124	NORM	N_D	0	0
20131204-162838	15533	951137	4501318	1757255	2744063	1420192	20432	0	0	0	0	0	0	0	1	0	1	1	1	1	1	0	0	117	0	63944	0	9573	9573	0	0	16933	8	124	124	NORM	N_D	0	0
20131204-162842	15533	951137	4501318	1757255	2744063	1420192	20432	0	0	0	0	0	0	0	1	0	1	1	1	1	1	0	0	117	0	63944	0	9637	9573	0	0	16929	9	124	124	NORM	N_D	0	0
20131204-162846	15533	951137	4501318	1757255	2744063	1420192	20432	0	0	0	0	0	0	0	1	0	1	1	1	1	1	0	0	117	0	63954	0	9573	9573	0	0	16930	0	79	79	NORM	N_D	0	0
20131204-162849	15533	951137	4501318	1757255	2744063	1420192	20432	0	0	0	0	0	0	0	1	0	1	1	1	1	1	0	0	117	0	63954	0	9573	9573	0	0	16929	0	88	88	NORM	N_D	0	0
20131204-162853	15533	951137	4501318	1757255	2744063	1420192	20432	0	0	0	0	0	0	0	1	0	1	1	1	1	1	0	0	117	0	63954	0	9573	9573	0	0	16932	0	88	88	NORM	N_D	0	0
20131204-162857	15533	951137	4501318	1757255	2744063	1420192	20432	0	0	0	0	0	0	0	1	0	1	1	1	1	1	0	0	117	0	63954	0	9573	9573	0	0	16926	0	88	88	NORM	N_D	0	0
20131204-162900	15533	951137	4501318	1757255	2744063	1420192	20432	0	0	0	0	0	0	0	1	0	1	1	1	1	1	0	0	117	0	63954	0	9573	9573	0	0	16924	0	88	88	NORM	N_D	0	0
20131204-162904	15533	951137	4501318	1757255	2744063	1420192	20432	0	0	0	0	0	0	0	1	0	1	1	1	1	1	0	0	117	0	63954	0	9573	9573	0	0	16921	0	88	79	NORM	N_D	0	0
20131204-162908	15533	951137	4501318	1757255	2744063	1420192	20432	0	0	0	0	0	0	0	1	0	1	1	1	1	1	0	0	117	0	63954	0	9573	9573	0	0	16926	0	88	88	NORM	N_D	0	0
20131204-162912	15533	951137	4501318	1757255	2744063	1420192	20432	0	0	0	0	0	0	0	1	0	1	1	1	1	1	0	0	117	0	63944	0	9637	9637	0	0	16926	0	88	88	NORM	N_D	0	0
20131204-162915	15533	951137	4501318	1757255	2744063	1420192	20432	0	0	0	0	0	0	0	1	0	1	1	1	1	1	0	0	117	0	63954	0	9573	9573	0	0	16920	7	124	124	NORM	N_D	0	0
20131204-162919	15533	951137	4501318	1757255	2744063	1420192	20432	0	0	0	0	0	0	0	1	0	1	1	1	1	1	0	0	117	0	63954	0	9573	9573	0	0	16920	16	133	142	NORM	N_D	0	0
20131204-162923	15533	951137	4501318	1757255	2744063	1420192	20432	0	0	0	0	0	0	0	1	0	1	1	1	1	1	0	0	117	0	63954	0	9573	9509	0	0	16924	19	151	151	NORM	N_D	0	0
20131204-162926	15533	951137	4501318	1757255	2744063	1420192	20432	0	0	0	0	0	1	0	1	0	1	1	1	1	1	0	0	117	0	63954	0	9573	9573	0	0	16932	0	8	8	NORM	N_D	0	0
20131204-162930	15533	951137	4501318	1757255	2744063	1420192	20432	0	0	0	0	0	1	0	1	0	1	1	1	1	1	0	0	117	0	62838	0	16319	16319	0	0	16929	0	8	8	NORM	N_D	0	0
20131204-162934	15533	951137	4501318	1757255	2744063	1420192	20432	0	0	0	0	0	1	0	1	0	1	1	1	1	1	0	0	117	0	63901	0	9830	9830	0	0	16924	0	0	0	NORM	N_D	0	0
20131204-162937	15533	951137	4501318	1757255	2744063	1420192	20432	0	0	0	0	0	1	0	1	0	1	1	1	1	1	0	0	117	0	63741	0	11051	11051	0	0	16923	0	8	8	NORM	N_D	0	0
20131204-162941	15533	951137	4501319	1757255	2744064	1420192	20432	0	0	0	0	0	1	0	1	0	1	1	1	1	1	0	0	117	0	63859	0	10087	10087	0	0	16927	0	8	8	NORM	N_D	0	0

#eof
