20131205-071323	0	0	4503574	1758092	2745482	1420516	19871	0	1	0	0	0	0	0	0	0	1	1	1	1	1	0	0	117	0	63954	0	9509	9509	0	0	17340	54	346	364	ON	N_D	0	0
20131205-071327	0	0	4503574	1758092	2745482	1420516	19871	0	1	0	0	0	0	0	0	0	1	1	1	1	1	0	0	117	0	63965	0	9509	9509	0	0	17438	62	391	417	NORM_I	N_D	0	0
20131205-071331	0	0	4503574	1758092	2745482	1420516	19871	0	1	0	0	0	0	0	0	0	1	1	1	1	1	0	0	117	0	63965	0	9509	9509	0	0	17525	54	355	364	NORM	N_D	0	0
20131205-071335	0	0	4503574	1758092	2745482	1420516	19871	0	1	0	0	0	0	0	0	0	1	1	1	1	1	0	0	117	0	63965	0	9509	9509	0	0	17548	60	391	408	NORM	N_D	0	0
20131205-071337	0	0	4503574	1758092	2745482	1420516	19871	0	1	0	0	0	0	0	0	0	1	1	1	1	1	0	0	117	0	63965	0	9509	9509	0	0	17557	60	382	399	NORM	N_D	0	0
20131205-071339	0	0	4503574	1758092	2745482	1420516	19871	0	1	0	0	0	0	0	0	0	1	1	1	1	1	0	0	117	0	63965	0	9509	9509	0	0	17567	63	408	426	NORM	N_D	0	0
20131205-071341	0	0	4503574	1758092	2745482	1420516	19871	0	1	0	0	0	0	0	0	0	1	1	1	1	1	0	0	117	0	63965	0	9509	9509	0	0	17588	63	408	426	NORM	N_D	0	0
20131205-071343	0	0	4503574	1758092	2745482	1420516	19871	0	1	0	0	0	0	0	0	0	1	1	1	1	1	0	0	117	0	63965	0	9509	9509	0	0	17606	63	399	417	NORM	N_D	0	0
20131205-071345	0	0	4503574	1758092	2745482	1420516	19871	0	1	0	0	0	0	0	0	0	1	1	1	1	1	0	0	117	0	63975	0	9573	9573	0	0	17616	63	399	417	NORM	N_D	0	0
20131205-071347	0	0	4503574	1758092	2745482	1420516	19871	0	1	0	0	0	0	0	0	0	1	1	1	1	1	0	0	117	0	63965	0	9509	9509	0	0	17610	57	364	382	NORM	N_D	0	0
20131205-071351	0	0	4503574	1758092	2745482	1420516	19871	0	1	0	0	0	0	0	0	0	1	1	1	1	1	0	0	117	0	63954	0	9573	9573	0	0	17590	57	364	382	NORM	N_D	0	0
20131205-071355	0	0	4503574	1758092	2745482	1420516	19871	0	1	0	0	0	0	0	0	0	1	1	1	1	1	0	0	117	0	63954	0	9573	9573	0	0	17603	48	311	328	NORM	N_D	0	0
20131205-071357	0	0	4503574	1758092	2745482	1420516	19871	0	1	0	0	0	0	0	0	0	1	1	1	1	1	0	0	117	0	63954	0	9573	9573	0	0	17591	48	311	328	NORM	N_D	0	0
20131205-071359	0	0	4503574	1758092	2745482	1420516	19871	0	1	0	0	0	0	0	0	0	1	1	1	1	1	0	0	117	0	63954	0	9573	9573	0	0	17604	48	311	328	NORM	N_D	0	0
20131205-071401	0	0	4503574	1758092	2745482	1420516	19871	0	1	0	0	0	0	0	0	0	1	1	1	1	1	0	0	117	0	63954	0	9573	9573	0	0	17583	48	311	328	NORM	N_D	0	0
20131205-071403	0	0	4503574	1758092	2745482	1420516	19871	0	1	0	0	0	0	0	0	0	1	1	1	1	1	0	0	117	0	63954	0	9509	9509	0	0	17764	47	311	328	NORM	N_D	0	0
20131205-071405	0	0	4503574	1758092	2745482	1420516	19871	0	1	0	0	0	0	0	0	0	1	1	1	1	1	0	0	117	0	63965	0	9573	9573	0	0	17736	47	311	319	NORM	N_D	0	0
20131205-071407	0	0	4503574	1758092	2745482	1420516	19871	0	1	0	0	0	0	0	0	0	1	1	1	1	1	0	0	117	0	63954	0	9509	9509	0	0	17677	50	328	346	NORM	N_D	0	0
20131205-071411	0	0	4503574	1758092	2745482	1420516	19871	0	1	0	0	0	0	0	0	0	1	1	1	1	1	0	0	117	0	63965	0	9509	9509	0	0	17647	51	328	346	NORM	N_D	0	0
20131205-071413	0	0	4503574	1758092	2745482	1420516	19871	0	1	0	0	0	0	0	0	0	1	1	1	1	1	0	0	117	0	63965	0	9509	9509	0	0	17637	51	328	346	NORM	N_D	0	0
20131205-071415	0	0	4503575	1758092	2745483	1420516	19871	0	1	0	0	0	0	0	0	0	1	1	1	1	1	0	0	117	0	63869	0	10087	9958	0	0	17719	50	319	337	NORM	N_D	0	0
20131205-071418	0	0	4503575	1758092	2745483	1420516	19871	0	1	0	0	0	1	0	0	0	1	1	1	1	1	0	0	117	0	63922	0	9766	9766	0	0	17674	1	0	0	NORM	N_D	0	0
20131205-071422	0	0	4503577	1758092	2745485	1420516	19871	0	1	0	0	0	1	0	0	0	1	1	1	1	1	0	0	117	0	63954	0	9637	9637	0	0	17728	0	65528	8	NORM	N_D	0	0
20131205-071426	0	0	4503577	1758092	2745485	1420516	19871	0	1	0	0	0	1	0	0	0	1	1	1	1	1	0	0	117	0	63944	0	9573	9573	0	0	17805	0	65528	8	NORM	N_D	0	0
20131205-071430	0	0	4503577	1758092	2745485	1420516	19871	0	1	0	0	0	1	0	0	0	1	1	1	1	1	0	0	117	0	63837	0	10215	10151	0	0	17795	0	0	8	NORM	N_D	0	0
20131205-071432	0	0	4503577	1758092	2745485	1420516	19871	0	1	0	0	0	1	0	0	0	1	1	1	1	1	0	0	117	0	63922	0	9766	9766	0	0	17795	0	65528	8	NORM	N_D	0	0
20131205-071436	0	0	4503577	1758092	2745485	1420516	19871	0	1	0	0	0	0	0	0	0	1	1	1	1	1	0	0	117	0	63954	0	15098	15098	0	0	17796	0	8	26	NORM	N_D	0	0
20131205-071438	0	0	4503577	1758092	2745485	1420516	19871	0	1	0	0	0	0	0	0	0	1	1	1	1	1	0	0	117	0	63805	0	10472	10537	0	0	17811	0	26	35	NORM	N_D	0	0
20131205-071440	0	0	4503577	1758092	2745485	1420516	19871	0	1	0	0	0	0	0	0	0	1	1	1	1	1	0	0	117	0	63922	0	9766	9766	0	0	17752	0	17	26	NORM	N_D	0	0
20131205-071442	0	0	4503577	1758092	2745485	1420516	19871	0	1	0	0	0	0	0	0	0	1	1	1	1	1	0	0	117	0	63944	0	9637	9637	0	0	17659	4	53	62	NORM	N_D	0	0
20131205-071444	0	0	4503577	1758092	2745485	1420516	19871	0	1	0	0	0	0	0	0	0	1	1	1	1	1	0	0	117	0	62828	0	16384	16384	0	0	17650	0	44	62	NORM	N_D	0	0
20131205-071446	0	0	4503577	1758092	2745485	1420516	19871	0	1	0	0	0	0	0	0	0	1	1	1	1	1	0	0	117	0	63901	0	9894	9894	0	0	17603	0	53	71	NORM	N_D	0	0
20131205-071448	0	0	4503577	1758092	2745485	1420516	19871	0	1	0	0	0	0	0	0	0	1	1	1	1	1	0	0	117	0	63922	0	9766	9766	0	0	17582	0	79	88	NORM	N_D	0	0
20131205-071450	0	0	4503577	1758092	2745485	1420516	19871	0	1	0	0	0	0	0	0	0	1	1	1	1	1	0	0	117	0	63933	0	9701	9637	0	0	17573	12	177	115	NORM	N_D	0	0
20131205-071452	0	0	4503577	1758092	2745485	1420516	19871	0	1	0	0	0	0	0	0	0	1	1	1	1	1	0	0	117	0	63944	0	9573	9573	0	0	17514	54	382	373	NORM	N_D	0	0
20131205-071454	0	0	4503577	1758092	2745485	1420516	19871	0	1	0	0	0	0	0	0	0	1	1	1	1	1	0	0	117	0	63954	0	9573	9573	0	0	17507	63	408	426	NORM	N_D	0	0
20131205-071456	0	0	4503577	1758092	2745485	1420516	19871	0	1	0	0	0	0	0	0	0	1	1	1	1	1	0	0	117	0	63954	0	9573	9573	0	0	17517	65	408	426	NORM	N_D	0	0
20131205-071458	0	0	4503577	1758092	2745485	1420516	19871	0	1	0	0	0	0	0	0	0	1	1	1	1	1	0	0	117	0	64007	0	9380	9380	0	0	17515	64	408	426	NORM	N_D	0	0
20131205-071502	0	0	4503577	1758092	2745485	1420516	19871	0	1	0	0	0	0	0	0	0	1	1	1	1	1	0	0	117	0	63954	0	9573	9573	0	0	17539	63	408	426	NORM	N_D	0	0
20131205-071504	0	0	4503577	1758092	2745485	1420516	19871	0	1	0	0	0	0	0	0	0	1	1	1	1	1	0	0	117	0	63954	0	9573	9573	0	0	17527	64	408	426	NORM	N_D	0	0
20131205-071506	0	0	4503577	1758092	2745485	1420516	19871	0	1	0	0	0	0	0	0	0	1	1	1	1	1	0	0	117	0	63954	0	9573	9637	0	0	17548	64	408	426	NORM	N_D	0	0
20131205-071508	0	0	4503577	1758092	2745485	1420516	19871	0	1	0	0	0	0	0	0	0	1	1	1	1	1	0	0	117	0	63954	0	9637	9637	0	0	17570	67	435	444	NORM	N_D	0	0
20131205-071510	0	0	4503577	1758092	2745485	1420516	19871	0	1	0	0	0	0	0	0	0	1	1	1	1	1	0	0	117	0	63954	0	9573	9573	0	0	17501	67	435	444	NORM	N_D	0	0
20131205-071512	0	0	4503577	1758092	2745485	1420516	19871	0	1	0	0	0	0	0	0	0	1	1	1	1	1	0	0	117	0	63954	0	9637	9637	0	0	17462	68	435	453	NORM	N_D	0	0
20131205-071514	0	0	4503577	1758092	2745485	1420516	19871	0	1	0	0	0	0	0	0	0	1	1	1	1	1	0	0	117	0	63944	0	9573	9573	0	0	17527	68	435	453	NORM	N_D	0	0
20131205-071519	0	0	4503578	1758092	2745486	1420516	19871	0	1	0	0	0	0	0	0	0	1	1	1	1	1	0	0	117	0	63944	0	9637	9637	0	0	17569	67	435	444	NORM	N_D	0	0
20131205-071521	15509	990244	4503578	1758092	2745486	1420516	19871	0	1	0	0	0	0	0	0	0	1	1	1	1	1	0	0	117	0	63944	0	9573	9573	0	0	17524	67	435	444	NORM	N_D	0	0
20131205-071523	15509	990244	4503578	1758092	2745486	1420516	19871	0	1	0	0	0	0	0	0	0	1	1	1	1	1	0	0	117	0	63954	0	9573	9573	0	0	17496	67	435	444	NORM	N_D	0	0
20131205-071527	15509	990244	4503578	1758092	2745486	1420516	19871	0	1	0	0	0	0	0	0	1	1	1	1	1	1	0	0	117	0	63954	0	9573	9573	0	0	17484	67	435	453	NORM	ACT	0	0
20131205-071529	15509	990244	4503578	1758092	2745486	1420516	19871	0	1	0	0	0	0	0	0	1	1	1	1	1	1	0	0	117	0	63965	0	9573	9573	0	0	17457	67	435	453	NORM	ACT	1	0
20131205-071533	15509	990244	4503578	1758092	2745486	1420516	19871	0	1	0	0	0	0	0	0	1	1	1	1	1	1	0	0	117	0	63954	0	9573	9573	0	0	17453	63	408	426	NORM	ACT	1	0
20131205-071537	15509	990244	4503578	1758092	2745486	1420516	19871	0	1	0	0	0	0	0	0	1	1	1	1	1	1	0	0	117	0	63954	0	9637	9637	0	0	17599	64	408	426	NORM	ACT	1	0
20131205-071539	15509	990244	4503578	1758092	2745486	1420516	19871	0	1	0	0	0	0	0	0	1	1	1	1	1	1	0	0	117	0	63954	0	9509	9509	0	0	17599	64	408	426	NORM	ACT	1	0
20131205-071543	15509	990244	4503578	1758092	2745486	1420516	19871	0	1	0	0	0	0	0	0	1	1	1	1	1	1	0	0	117	0	63954	0	9573	9573	0	0	17576	65	399	426	NORM	ACT	1	0
20131205-071547	15509	990244	4503578	1758092	2745486	1420516	19871	0	1	0	0	0	0	0	0	1	1	1	1	1	1	0	0	117	0	63965	0	9573	9573	0	0	17557	51	328	346	NORM	ACT	1	0
20131205-071549	15509	990244	4503578	1758092	2745486	1420516	19871	0	1	0	0	0	0	0	0	1	1	1	1	1	1	0	0	117	0	63954	0	9573	9573	0	0	17564	48	311	328	NORM	ACT	1	0
20131205-071553	15509	990244	4503578	1758092	2745486	1420516	19871	0	1	0	0	0	0	0	0	1	1	1	1	1	1	0	0	117	0	63954	0	9573	9573	0	0	17548	54	346	364	NORM	ACT	1	0
20131205-071555	15509	990244	4503578	1758092	2745486	1420516	19871	0	1	0	0	0	0	0	0	1	1	1	1	1	1	0	0	117	0	63954	0	9573	9573	0	0	17534	53	328	364	NORM	ACT	1	0
20131205-071557	15509	990244	4503578	1758092	2745486	1420516	19871	0	1	0	0	0	0	0	0	1	1	1	1	1	1	0	0	117	0	63954	0	9573	9573	0	0	17482	47	311	328	NORM	ACT	1	0
20131205-071559	15509	990244	4503578	1758092	2745486	1420516	19871	0	1	0	0	0	0	0	0	1	1	1	1	1	1	0	0	117	0	63954	0	9573	9573	0	0	17521	48	293	319	NORM	ACT	1	0
20131205-071601	15509	990244	4503578	1758092	2745486	1420516	19871	0	1	0	0	0	0	0	0	1	1	1	1	1	1	0	0	117	0	63954	0	9573	9573	0	0	17473	42	275	284	NORM	ACT	1	0
20131205-071603	15509	990244	4503578	1758092	2745486	1420516	19871	0	1	0	0	0	0	0	0	1	1	1	1	1	1	0	0	117	0	63954	0	9573	9573	0	0	17468	42	275	293	NORM	ACT	1	0
20131205-071607	15509	990244	4503578	1758092	2745486	1420516	19871	0	1	0	0	0	0	0	0	1	1	1	1	1	1	0	0	117	0	63954	0	9573	9573	0	0	17491	33	204	222	NORM	ACT	1	0
20131205-071611	15509	990244	4503578	1758092	2745486	1420516	19871	0	1	0	0	0	0	0	0	1	1	1	1	1	1	0	0	117	0	63965	0	9573	9573	0	0	17480	25	168	177	NORM	ACT	1	0
20131205-071615	15509	990244	4503578	1758092	2745486	1420516	19871	0	1	0	0	0	0	0	0	1	1	1	1	1	1	0	0	117	0	63954	0	9573	9573	0	0	17441	25	168	177	NORM	ACT	1	0
20131205-071617	15509	990244	4503578	1758092	2745486	1420516	19871	0	1	0	0	0	0	0	0	1	1	1	1	1	1	0	0	117	0	63954	0	9573	9573	0	0	17472	26	168	186	NORM	ACT	1	0
20131205-071619	15509	990244	4503579	1758092	2745487	1420516	19871	0	1	0	0	0	0	0	0	1	1	1	1	1	1	0	0	117	0	63954	0	9573	9573	0	0	17477	26	159	186	NORM	ACT	1	0
20131205-071621	15509	990244	4503579	1758092	2745487	1420516	19871	0	1	0	0	0	0	0	0	1	1	1	1	1	1	0	0	117	0	63954	0	9573	9573	0	0	17505	25	168	177	NORM	ACT	1	0
20131205-071625	15509	990244	4503579	1758092	2745487	1420516	19871	0	1	0	0	0	0	0	0	1	1	1	1	1	1	0	0	117	0	63954	0	9573	9509	0	0	17509	21	133	151	NORM	ACT	1	0
20131205-071627	15509	990244	4503579	1758092	2745487	1420516	19871	0	1	0	0	0	0	0	0	1	1	1	1	1	1	0	0	117	0	63965	0	9509	9573	0	0	17520	19	133	142	NORM	ACT	1	0
20131205-071629	15509	990244	4503579	1758092	2745487	1420516	19871	0	1	0	0	0	0	0	0	1	1	1	1	1	1	0	0	117	0	63954	0	9573	9573	0	0	17517	18	133	142	NORM	ACT	1	0
20131205-071631	15509	990244	4503579	1758092	2745487	1420516	19871	0	1	0	0	0	0	0	0	1	1	1	1	1	1	0	0	117	0	63954	0	9573	9573	0	0	17506	9	106	124	NORM	ACT	1	0
20131205-071635	15509	990244	4503579	1758092	2745487	1420516	19871	0	1	0	0	0	0	0	0	1	1	1	1	1	1	0	0	117	0	63954	0	9573	9573	0	0	17504	12	106	124	NORM	ACT	1	0
20131205-071637	15509	990244	4503579	1758092	2745487	1420516	19871	0	1	0	0	0	0	0	0	1	1	1	1	1	1	0	0	117	0	63954	0	9573	9573	0	0	17515	12	106	124	NORM	ACT	1	0
20131205-071641	15509	990244	4503579	1758092	2745487	1420516	19871	0	1	0	0	0	0	0	0	1	1	1	1	1	1	0	0	117	0	63965	0	9509	9509	0	0	17456	13	106	124	NORM	ACT	1	0
20131205-071643	15509	990244	4503579	1758092	2745487	1420516	19871	0	1	0	0	0	0	0	0	1	1	1	1	1	1	0	0	117	0	63954	0	9573	9573	0	0	17451	13	106	133	NORM	ACT	1	0
20131205-071645	15509	990244	4503579	1758092	2745487	1420516	19871	0	1	0	0	0	0	0	0	1	1	1	1	1	1	0	0	117	0	63954	0	9573	9509	0	0	17486	13	115	124	NORM	ACT	1	0
20131205-071647	15509	990244	4503579	1758092	2745487	1420516	19871	0	1	0	0	0	0	0	0	1	1	1	1	1	1	0	0	117	0	63965	0	9509	9573	0	0	17501	21	151	151	NORM	ACT	1	0
20131205-071650	15509	990244	4503579	1758092	2745487	1420516	19871	0	1	0	0	0	0	0	0	1	1	1	1	1	1	0	0	117	0	63954	0	9573	9573	0	0	17499	24	168	177	NORM	ACT	1	0
20131205-071652	15509	990244	4503579	1758092	2745487	1420516	19871	0	1	0	0	0	0	0	0	1	1	1	1	1	1	0	0	117	0	63965	0	9509	9509	0	0	17483	51	364	373	NORM	ACT	1	0
20131205-071656	15509	990244	4503579	1758092	2745487	1420516	19871	0	1	0	0	0	0	0	0	1	1	1	1	1	1	0	0	117	0	63954	0	9573	9573	0	0	17498	57	364	382	NORM	ACT	1	0
20131205-071658	15509	990244	4503579	1758092	2745487	1420516	19871	0	1	0	0	0	0	0	0	1	1	1	1	1	1	0	0	117	0	63954	0	9573	9509	0	0	17515	48	311	328	NORM	ACT	1	0
20131205-071702	15509	990244	4503579	1758092	2745487	1420516	19871	0	1	0	0	0	0	0	0	1	1	1	1	1	1	0	0	117	0	63965	0	9573	9573	0	0	17489	45	302	319	NORM	ACT	1	0
20131205-071704	15509	990244	4503579	1758092	2745487	1420516	19871	0	1	0	0	0	0	0	0	1	1	1	1	1	1	0	0	117	0	63954	0	9509	9509	0	0	17456	43	284	293	NORM	ACT	1	0
20131205-071706	15509	990244	4503579	1758092	2745487	1420516	19871	0	1	0	0	0	0	0	0	1	1	1	1	1	1	0	0	117	0	63965	0	9573	9573	0	0	17438	43	284	302	NORM	ACT	1	0
20131205-071708	15509	990244	4503579	1758092	2745487	1420516	19871	0	1	0	0	0	0	0	0	1	1	1	1	1	1	0	0	117	0	63954	0	9573	9573	0	0	17420	42	275	293	NORM	ACT	1	0
20131205-071710	15509	990244	4503579	1758092	2745487	1420516	19871	0	1	0	0	0	0	0	0	1	1	1	1	1	1	0	0	117	0	63954	0	9509	9509	0	0	17444	42	275	284	NORM	ACT	1	0
20131205-071712	15509	990244	4503579	1758092	2745487	1420516	19871	0	1	0	0	0	0	0	0	1	1	1	1	1	1	0	0	117	0	63954	0	9573	9573	0	0	17436	43	275	284	NORM	ACT	1	0
20131205-071714	15509	990244	4503579	1758092	2745487	1420516	19871	0	1	0	0	0	0	0	0	1	1	1	1	1	1	0	0	117	0	63954	0	9573	9573	0	0	17411	42	284	293	NORM	ACT	1	0
20131205-071718	15509	990244	4503579	1758092	2745488	1420516	19871	0	1	0	0	0	0	0	0	1	1	1	1	1	1	0	0	117	0	63965	0	9573	9573	0	0	17410	48	311	328	NORM	ACT	1	0
20131205-071722	15509	990244	4503580	1758092	2745488	1420516	19871	0	1	0	0	0	0	0	0	1	1	1	1	1	1	0	0	117	0	63965	0	9573	9573	0	0	17460	53	337	355	NORM	ACT	1	0
20131205-071724	15509	990244	4503580	1758092	2745488	1420516	19871	0	1	0	0	0	0	0	0	1	1	1	1	1	1	0	0	117	0	63954	0	9573	9573	0	0	17438	53	328	355	NORM	ACT	1	0
20131205-071726	15509	990244	4503580	1758092	2745488	1420516	19871	0	1	0	0	0	0	0	0	1	1	1	1	1	1	0	0	117	0	63954	0	9573	9573	0	0	17423	53	337	355	NORM	ACT	1	0
20131205-071728	15509	990244	4503580	1758092	2745488	1420516	19871	0	1	0	0	0	0	0	0	1	1	1	1	1	1	0	0	117	0	63965	0	9509	9509	0	0	17433	53	337	346	NORM	ACT	1	0
20131205-071730	15509	990244	4503580	1758092	2745488	1420516	19871	0	1	0	0	0	0	0	0	1	1	1	1	1	1	0	0	117	0	63954	0	9573	9573	0	0	17457	52	328	346	NORM	ACT	1	0
20131205-071732	15509	990244	4503580	1758092	2745488	1420516	19871	0	1	0	0	0	0	0	0	1	1	1	1	1	1	0	0	117	0	63954	0	9573	9573	0	0	17421	43	266	284	NORM	ACT	1	0
20131205-071734	15509	990244	4503580	1758092	2745488	1420516	19871	0	1	0	0	0	0	0	0	1	1	1	1	1	1	0	0	117	0	63954	0	9509	9509	0	0	17424	41	266	275	NORM	ACT	1	0
20131205-071736	15509	990244	4503580	1758092	2745488	1420516	19871	0	1	0	0	0	0	0	0	1	1	1	1	1	1	0	0	117	0	63954	0	9573	9573	0	0	17387	41	257	266	NORM	ACT	1	0
20131205-071738	15509	990244	4503580	1758092	2745488	1420516	19871	0	1	0	0	0	0	0	0	1	1	1	1	1	1	0	0	117	0	63954	0	9573	9509	0	0	17393	40	266	266	NORM	ACT	1	0
20131205-072029	15509	990244	4503580	1758092	2745488	1420516	19871	0	1	0	0	0	0	0	0	1	1	1	1	1	1	0	0	117	0	63965	0	9573	9573	0	0	17411	41	257	275	NORM	ACT	1	0
20131205-072033	15509	990244	4503583	1758092	2745491	1420516	19871	0	1	0	0	0	0	0	0	1	1	1	1	1	1	0	0	117	0	63954	0	9573	9573	0	0	17287	33	204	213	NORM	ACT	1	0
20131205-072037	15509	990244	4503583	1758092	2745491	1420516	19871	0	1	0	0	0	0	0	0	1	1	1	1	1	1	0	0	117	0	63965	0	9509	9509	0	0	17249	33	204	222	NORM	ACT	1	0
20131205-072039	15509	990244	4503583	1758092	2745491	1420516	19871	0	1	0	0	0	0	0	0	1	1	1	1	1	1	0	0	117	0	63954	0	9573	9573	0	0	17302	33	204	231	NORM	ACT	1	0
20131205-072041	15509	990244	4503583	1758092	2745491	1420516	19871	0	1	0	0	0	0	0	0	1	1	1	1	1	1	0	0	117	0	63954	0	9573	9509	0	0	17322	28	186	195	NORM	ACT	1	0
20131205-072043	15509	990244	4503583	1758092	2745491	1420516	19871	0	1	0	0	0	0	0	0	1	1	1	1	1	1	0	0	117	0	63965	0	9573	9573	0	0	17328	28	204	213	NORM	ACT	1	0
20131205-072045	15509	990244	4503583	1758092	2745491	1420516	19871	0	1	0	0	0	0	0	0	1	1	1	1	1	1	0	0	117	0	63954	0	9573	9573	0	0	17226	35	222	239	NORM	ACT	1	0
20131205-072049	15509	990244	4503583	1758092	2745491	1420516	19871	0	1	0	0	0	0	0	0	1	1	1	1	1	1	0	0	117	0	63965	0	9509	9509	0	0	17267	36	239	248	NORM	ACT	1	0
20131205-072053	15509	990244	4503583	1758092	2745491	1420516	19871	0	1	0	0	0	0	0	0	1	1	1	1	1	1	0	0	117	0	63954	0	9509	9509	0	0	17328	57	364	382	NORM	ACT	1	0
20131205-072057	15509	990244	4503583	1758092	2745491	1420516	19871	0	1	0	0	0	0	0	0	1	1	1	1	1	1	0	0	117	0	63954	0	9573	9573	0	0	17250	55	337	373	NORM	ACT	1	0
20131205-072059	15509	990244	4503583	1758092	2745491	1420516	19871	0	1	0	0	0	0	0	0	1	1	1	1	1	1	0	0	117	0	63965	0	9509	9509	0	0	17234	47	302	319	NORM	ACT	1	0
20131205-072102	15509	990244	4503583	1758092	2745491	1420516	19871	0	1	0	0	0	0	0	0	1	1	1	1	1	1	0	0	117	0	63965	0	9509	9573	0	0	17177	47	311	319	NORM	ACT	1	0
20131205-072104	15509	990244	4503583	1758092	2745491	1420516	19871	0	1	0	0	0	0	0	0	1	1	1	1	1	1	0	0	117	0	63954	0	9573	9573	0	0	17191	42	275	293	NORM	ACT	1	0
20131205-072106	15509	990244	4503583	1758092	2745491	1420516	19871	0	1	0	0	0	0	0	0	1	1	1	1	1	1	0	0	117	0	63954	0	9509	9509	0	0	17213	42	275	293	NORM	ACT	1	0
20131205-072110	15509	990244	4503583	1758092	2745491	1420516	19871	0	1	0	0	0	0	0	0	1	1	1	1	1	1	0	0	117	0	63954	0	9573	9573	0	0	17183	41	266	284	NORM	ACT	1	0
20131205-072112	15509	990244	4503583	1758092	2745491	1420516	19871	0	1	0	0	0	0	0	0	1	1	1	1	1	1	0	0	117	0	63954	0	9509	9509	0	0	17176	41	266	284	NORM	ACT	1	0
20131205-072116	15509	990244	4503583	1758092	2745491	1420516	19871	0	1	0	0	0	0	0	0	1	1	1	1	1	1	0	0	117	0	63954	0	9573	9573	0	0	17164	36	231	239	NORM	ACT	1	0
20131205-072120	15509	990244	4503584	1758092	2745492	1420516	19871	0	1	0	0	0	0	0	0	1	1	1	1	1	1	0	0	117	0	63965	0	9573	9573	0	0	17209	36	231	239	NORM	ACT	1	0
20131205-072124	15509	990244	4503584	1758092	2745492	1420516	19871	0	1	0	0	0	0	0	0	1	1	1	1	1	1	0	0	117	0	63954	0	9573	9573	0	0	17194	32	204	213	NORM	ACT	1	0
20131205-072126	15509	990244	4503584	1758092	2745492	1420516	19871	0	1	0	0	0	0	0	0	1	1	1	1	1	1	0	0	117	0	63965	0	9573	9573	0	0	17200	31	204	213	NORM	ACT	1	0
20131205-072128	15509	990244	4503584	1758092	2745492	1420516	19871	0	1	0	0	0	0	0	0	1	1	1	1	1	1	0	0	117	0	63954	0	9573	9573	0	0	17186	31	204	213	NORM	ACT	1	0
20131205-072132	15509	990244	4503584	1758092	2745492	1420516	19871	0	1	0	0	0	0	0	0	1	1	1	1	1	1	0	0	117	0	63954	0	9573	9573	0	0	17085	31	195	213	NORM	ACT	1	0
20131205-072143	15509	990244	4503584	1758092	2745492	1420516	19871	0	1	0	0	0	0	0	0	1	1	1	1	1	1	0	0	117	0	63954	0	9573	9573	0	0	17075	30	186	213	NORM	ACT	1	0
20131205-072147	15509	990244	4503584	1758092	2745492	1420516	19871	0	1	0	0	0	0	0	0	1	1	1	1	1	1	0	0	117	0	63965	0	9573	9573	0	0	17518	0	79	88	NORM	ACT	1	0
20131205-072149	15509	990244	4503584	1758092	2745492	1420516	19871	0	1	0	0	0	0	0	0	1	1	1	1	1	1	0	0	117	0	63954	0	9573	9573	0	0	17447	0	79	97	NORM	ACT	1	0
20131205-072152	15509	990244	4503584	1758092	2745492	1420516	19871	0	1	0	0	0	0	0	0	1	1	1	1	1	1	0	0	117	0	63954	0	9573	9509	0	0	17469	12	115	124	NORM	ACT	1	0
20131205-072154	15509	990244	4503584	1758092	2745492	1420516	19871	0	1	0	0	0	0	0	0	1	1	1	1	1	1	0	0	117	0	63965	0	9573	9573	0	0	17399	13	115	133	NORM	ACT	1	0
20131205-072156	15509	990244	4503584	1758092	2745492	1420516	19871	0	1	0	0	0	0	0	0	1	1	1	1	1	1	0	0	117	0	63954	0	9573	9573	0	0	17382	13	124	133	NORM	ACT	1	0
20131205-072158	15509	990244	4503584	1758092	2745492	1420516	19871	0	1	0	0	0	0	0	0	1	1	1	1	1	1	0	0	117	0	63965	0	9509	9509	0	0	17414	13	115	133	NORM	ACT	1	0
20131205-072200	15509	990244	4503584	1758092	2745492	1420516	19871	0	1	0	0	0	0	0	0	1	1	1	1	1	1	0	0	117	0	63965	0	9509	9509	0	0	17329	14	124	133	NORM	ACT	1	0
20131205-072204	15509	990244	4503584	1758092	2745492	1420516	19871	0	1	0	0	0	0	0	0	1	1	1	1	1	1	0	0	117	0	63965	0	9509	9509	0	0	17268	13	124	142	NORM	ACT	1	0
20131205-072208	15509	990244	4503584	1758092	2745492	1420516	19871	0	1	0	0	0	0	0	0	1	1	1	1	1	1	0	0	117	0	63965	0	9509	9509	0	0	17396	13	115	133	NORM	ACT	1	0
20131205-072212	15509	990244	4503584	1758092	2745492	1420516	19871	0	1	0	0	0	0	0	0	1	1	1	1	1	1	0	0	117	0	63965	0	9509	9509	0	0	17386	12	115	124	NORM	ACT	1	0
20131205-072214	15509	990244	4503584	1758092	2745492	1420516	19871	0	1	0	0	0	0	0	0	1	1	1	1	1	1	0	0	117	0	63965	0	9509	9509	0	0	17334	11	115	124	NORM	ACT	1	0
20131205-072216	15509	990244	4503584	1758092	2745492	1420516	19871	0	1	0	0	0	0	0	0	1	1	1	1	1	1	0	0	117	0	63965	0	9509	9509	0	0	17322	10	115	115	NORM	ACT	1	0
20131205-072218	15509	990244	4503584	1758092	2745492	1420516	19871	0	1	0	0	0	0	0	0	1	1	1	1	1	1	0	0	117	0	63965	0	9509	9509	0	0	17284	12	115	115	NORM	ACT	1	0
20131205-072220	15509	990244	4503585	1758092	2745493	1420516	19871	0	1	0	0	0	0	0	0	1	1	1	1	1	1	0	0	117	0	63965	0	9509	9509	0	0	17305	10	115	124	NORM	ACT	1	0
20131205-072224	15509	990244	4503585	1758092	2745493	1420516	19871	0	1	0	0	0	0	0	0	1	1	1	1	1	1	0	0	117	0	63965	0	9509	9509	0	0	17302	10	106	124	NORM	ACT	1	0
20131205-072226	15509	990244	4503585	1758092	2745493	1420516	19871	0	1	0	0	0	0	0	0	1	1	1	1	1	1	0	0	117	0	63965	0	9509	9509	0	0	17292	9	106	124	NORM	ACT	1	0
20131205-072228	15509	990244	4503585	1758092	2745493	1420516	19871	0	1	0	0	0	0	0	0	1	1	1	1	1	1	0	0	117	0	63965	0	9509	9509	0	0	17295	9	106	124	NORM	ACT	1	0
20131205-072230	15509	990244	4503585	1758092	2745493	1420516	19871	0	1	0	0	0	0	0	0	1	1	1	1	1	1	0	0	117	0	63965	0	9509	9509	0	0	17299	9	106	124	NORM	ACT	1	0
20131205-072232	15509	990244	4503585	1758092	2745493	1420516	19871	0	1	0	0	0	0	0	0	1	1	1	1	1	1	0	0	117	0	63965	0	9509	9444	0	0	17302	8	106	124	NORM	ACT	1	0
20131205-072236	15509	990244	4503585	1758092	2745493	1420516	19871	0	1	0	0	0	0	0	0	1	1	1	1	1	1	0	0	117	0	63965	0	9509	9509	0	0	17353	9	106	115	NORM	ACT	1	0
20131205-072238	15509	990244	4503585	1758092	2745493	1420516	19871	0	1	0	0	0	0	0	0	1	1	1	1	1	1	0	0	117	0	63965	0	9509	9509	0	0	17338	1	79	88	NORM	ACT	1	0
20131205-072240	15509	990244	4503585	1758092	2745493	1420516	19871	0	1	0	0	0	0	0	0	1	1	1	1	1	1	0	0	117	0	63965	0	9509	9509	0	0	17316	0	79	88	NORM	ACT	1	0
20131205-072443	15509	990244	4503585	1758092	2745493	1420516	19871	0	1	0	0	0	0	0	0	1	1	1	1	1	1	0	0	117	0	63965	0	9509	9509	0	0	17371	0	71	88	NORM	ACT	1	0
20131205-072447	15509	990244	4503585	1758092	2745493	1420516	19871	0	1	0	0	0	0	0	0	1	1	1	1	1	1	0	0	117	0	63965	0	9444	9444	0	0	17567	0	71	88	NORM	ACT	1	0
20131205-072451	15509	990244	4503585	1758092	2745493	1420516	19871	0	1	0	0	0	0	0	0	1	1	1	1	1	1	0	0	117	0	63965	0	9509	9509	0	0	17622	23	159	168	NORM	ACT	1	0
20131205-072455	15509	990244	4503585	1758092	2745493	1420516	19871	0	1	0	0	0	0	0	0	1	1	1	1	1	1	0	0	117	0	63965	0	9444	9444	0	0	17590	24	168	177	NORM	ACT	1	0
20131205-072457	15509	990244	4503585	1758092	2745493	1420516	19871	0	1	0	0	0	0	0	0	1	1	1	1	1	1	0	0	117	0	63965	0	9509	9509	0	0	17612	24	151	177	NORM	ACT	1	0
20131205-072500	15509	990244	4503585	1758092	2745493	1420516	19871	0	1	0	0	0	0	0	0	1	1	1	1	1	1	0	0	117	0	63965	0	9509	9509	0	0	17597	24	159	177	NORM	ACT	1	0
20131205-072502	15509	990244	4503585	1758092	2745493	1420516	19871	0	1	0	0	0	0	0	0	1	1	1	1	1	1	0	0	117	0	63965	0	9509	9509	0	0	17587	22	142	159	NORM	ACT	1	0
20131205-072504	15509	990244	4503585	1758092	2745493	1420516	19871	0	1	0	0	0	0	0	0	1	1	1	1	1	1	0	0	117	0	63965	0	9509	9509	0	0	17532	21	142	151	NORM	ACT	1	0
20131205-072508	15509	990244	4503585	1758092	2745493	1420516	19871	0	1	0	0	0	0	0	0	1	1	1	1	1	1	0	0	117	0	63965	0	9509	9509	0	0	17482	27	177	195	NORM	ACT	1	0
20131205-072512	15509	990244	4503585	1758092	2745493	1420516	19871	0	1	0	0	0	0	0	0	1	1	1	1	1	1	0	0	117	0	63965	0	9509	9509	0	0	17370	26	177	195	NORM	ACT	1	0
20131205-072514	15509	990244	4503585	1758092	2745493	1420516	19871	0	1	0	0	0	0	0	0	1	1	1	1	1	1	0	0	117	0	63965	0	9509	9509	0	0	17370	31	204	213	NORM	ACT	1	0
20131205-072518	15509	990244	4503585	1758092	2745493	1420516	19871	0	1	0	0	0	0	0	0	1	1	1	1	1	1	0	0	117	0	63965	0	9509	9509	0	0	17374	33	213	231	NORM	ACT	1	0
20131205-072520	15509	990244	4503586	1758092	2745494	1420516	19871	0	1	0	0	0	0	0	0	1	1	1	1	1	1	0	0	117	0	63965	0	9509	9509	0	0	17340	33	204	231	NORM	ACT	1	0
20131205-072522	15509	990244	4503586	1758092	2745494	1420516	19871	0	1	0	0	0	0	0	0	1	1	1	1	1	1	0	0	117	0	63965	0	9509	9509	0	0	17281	30	195	204	NORM	ACT	1	0
20131205-072524	15509	990244	4503586	1758092	2745494	1420516	19871	0	1	0	0	0	0	0	0	1	1	1	1	1	1	0	0	117	0	63965	0	9509	9509	0	0	17272	30	204	213	NORM	ACT	1	0
20131205-072526	15509	990244	4503586	1758092	2745494	1420516	19871	0	1	0	0	0	0	0	0	1	1	1	1	1	1	0	0	117	0	63965	0	9509	9509	0	0	17257	30	195	213	NORM	ACT	1	0
20131205-072528	15509	990244	4503586	1758092	2745494	1420516	19871	0	1	0	0	0	0	0	0	1	1	1	1	1	1	0	0	117	0	63965	0	9509	9509	0	0	17270	30	195	213	NORM	ACT	1	0
20131205-072530	15509	990244	4503586	1758092	2745494	1420516	19871	0	1	0	0	0	0	0	0	1	1	1	1	1	1	0	0	117	0	63965	0	9509	9509	0	0	17247	30	195	204	NORM	ACT	1	0
20131205-072534	15509	990244	4503586	1758092	2745494	1420516	19871	0	1	0	0	0	0	0	0	1	1	1	1	1	1	0	0	117	0	63965	0	9509	9509	0	0	17255	29	186	204	NORM	ACT	1	0
20131205-072538	15509	990244	4503586	1758092	2745494	1420516	19871	0	1	0	0	0	0	0	0	1	1	1	1	1	1	0	0	117	0	63965	0	9509	9509	0	0	17204	26	159	186	NORM	ACT	1	0
20131205-072542	15509	990244	4503586	1758092	2745494	1420516	19871	0	1	0	0	0	0	0	0	1	1	1	1	1	1	0	0	117	0	63965	0	9509	9509	0	0	17171	25	168	186	NORM	ACT	1	0
20131205-072544	15509	990244	4503586	1758092	2745494	1420516	19871	0	1	0	0	0	0	0	0	1	1	1	1	1	1	0	0	117	0	63965	0	9509	9509	0	0	17242	31	204	222	NORM	ACT	1	0
20131205-072548	15509	990244	4503586	1758092	2745494	1420516	19871	0	1	0	0	0	0	0	0	1	1	1	1	1	1	0	0	117	0	63965	0	9509	9509	0	0	17189	33	213	231	NORM	ACT	1	0
20131205-072550	15509	990244	4503586	1758092	2745494	1420516	19871	0	1	0	0	0	0	0	0	1	1	1	1	1	1	0	0	117	0	63965	0	9509	9509	0	0	17180	33	213	222	NORM	ACT	1	0
20131205-072552	15509	990244	4503586	1758092	2745494	1420516	19871	0	1	0	0	0	0	0	0	1	1	1	1	1	1	0	0	117	0	63965	0	9509	9509	0	0	17170	27	177	186	NORM	ACT	1	0
20131205-072556	15509	990244	4503586	1758092	2745494	1420516	19871	0	1	0	0	0	0	0	0	1	1	1	1	1	1	0	0	117	0	63965	0	9509	9573	0	0	17123	25	177	186	NORM	ACT	1	0
20131205-072600	15509	990244	4503586	1758092	2745494	1420516	19871	0	1	0	0	0	0	0	0	1	1	1	1	1	1	0	0	117	0	63965	0	9509	9573	0	0	17091	26	168	186	NORM	ACT	1	0
20131205-072602	15509	990244	4503586	1758092	2745494	1420516	19871	0	1	0	0	0	0	0	0	1	1	1	1	1	1	0	0	117	0	63965	0	9509	9509	0	0	17052	25	177	186	NORM	ACT	1	0
20131205-072604	15509	990244	4503586	1758092	2745494	1420516	19871	0	1	0	0	0	0	0	0	1	1	1	1	1	1	0	0	117	0	63954	0	9573	9573	0	0	17019	27	186	204	NORM	ACT	1	0
20131205-072606	15509	990244	4503586	1758092	2745494	1420516	19871	0	1	0	0	0	0	0	0	1	1	1	1	1	1	0	0	117	0	63965	0	9509	9509	0	0	16935	33	213	222	NORM	ACT	1	0
20131205-072608	15509	990244	4503586	1758092	2745494	1420516	19871	0	1	0	0	0	0	0	0	1	1	1	1	1	1	0	0	117	0	63965	0	9573	9573	0	0	16836	36	239	248	NORM	ACT	1	0
20131205-072610	15509	990244	4503586	1758092	2745494	1420516	19871	0	1	0	0	0	0	0	0	1	1	1	1	1	1	0	0	117	0	63954	0	9509	9509	0	0	16786	36	239	257	NORM	ACT	1	0
20131205-072612	15509	990244	4503586	1758092	2745494	1420516	19871	0	1	0	0	0	0	0	0	1	1	1	1	1	1	0	0	117	0	63954	0	9509	9509	0	0	16789	36	231	248	NORM	ACT	1	0
20131205-072617	15509	990244	4503586	1758092	2745494	1420516	19871	0	1	0	0	0	0	0	0	1	1	1	1	1	1	0	0	117	0	63965	0	9509	9509	0	0	16817	38	248	266	NORM	ACT	1	0
20131205-072619	15509	990244	4503586	1758092	2745494	1420516	19871	0	1	0	0	0	0	0	0	1	1	1	1	1	1	0	0	117	0	63965	0	9509	9509	0	0	16817	38	257	266	NORM	ACT	1	0
20131205-072623	15509	990244	4503587	1758092	2745495	1420516	19871	0	1	0	0	0	0	0	0	1	1	1	1	1	1	0	0	117	0	63954	0	9509	9509	0	0	16920	38	248	266	NORM	ACT	1	0
20131205-072627	15509	990244	4503587	1758092	2745495	1420516	19871	0	1	0	0	0	0	0	0	1	1	1	1	1	1	0	0	117	0	63965	0	9509	9509	0	0	16865	30	195	213	NORM	ACT	1	0
20131205-072631	15509	990244	4503587	1758092	2745495	1420516	19871	0	1	0	0	0	0	0	0	1	1	1	1	1	1	0	0	117	0	63965	0	9509	9509	0	0	16906	23	151	168	NORM	ACT	1	0
20131205-072633	15509	990244	4503587	1758092	2745495	1420516	19871	0	1	0	0	0	0	0	0	1	1	1	1	1	1	0	0	117	0	63965	0	9509	9509	0	0	16924	23	151	168	NORM	ACT	1	0
20131205-072635	15509	990244	4503587	1758092	2745495	1420516	19871	0	1	0	0	0	0	0	0	1	1	1	1	1	1	0	0	117	0	63965	0	9509	9509	0	0	16966	12	115	124	NORM	ACT	1	0
20131205-073815	15509	990244	4503624	1758094	2745530	1420521	19871	0	1	0	0	0	0	0	1	1	1	1	1	1	1	0	0	119	254	63918	0	9637	9637	0	0	17534	18	133	142	NORM	CH_E	3	0
20131205-073819	15509	990244	4503624	1758094	2745530	1420521	19871	0	1	0	0	0	0	0	1	1	1	1	1	1	1	0	0	119	254	63929	0	9573	9573	0	0	17544	16	124	142	NORM	CH_E	3	0
20131205-082422	15509	990244	4503948	1758191	2745757	1420564	19872	0	1	0	0	0	0	0	0	1	1	1	1	1	1	0	0	117	2442	63944	0	9573	9573	0	0	17084	43	275	293	NORM	CH_E	15	0
20131205-082424	15509	990244	4503950	1758192	2745758	1420564	19872	0	1	0	0	0	0	0	0	1	1	1	1	1	1	0	0	117	2442	63954	0	9573	9573	0	0	17087	43	275	293	NORM	CH_E	15	0
20131205-082426	15509	990244	4503950	1758192	2745758	1420564	19872	0	1	0	0	0	0	0	0	1	1	1	1	1	1	0	0	117	2442	63954	0	9509	9509	0	0	17091	36	239	257	NORM	CH_E	15	0
20131205-082430	15509	990244	4503950	1758192	2745758	1420564	19872	0	1	0	0	0	0	0	0	1	1	1	1	1	1	0	0	117	2442	63965	0	9509	9509	0	0	17088	34	204	239	NORM	CH_E	15	0
20131205-082434	15509	990244	4503950	1758192	2745758	1420564	19872	0	1	0	0	0	0	0	0	1	1	1	1	1	1	0	0	117	2442	63975	0	9444	9444	0	0	17087	16	124	133	NORM	CH_E	15	0
20131205-082438	15509	990244	4503950	1758192	2745758	1420564	19872	0	1	0	0	0	0	0	0	1	1	1	1	1	1	0	0	117	2442	63986	0	9380	9444	0	0	17086	16	124	133	NORM	CH_E	15	0
20131205-082440	15509	990244	4503950	1758192	2745758	1420564	19872	0	1	0	0	0	0	0	0	1	1	1	1	1	1	0	0	117	2442	63975	0	9444	9444	0	0	17075	17	124	133	NORM	CH_E	15	0
20131205-082442	15509	990244	4503950	1758192	2745758	1420564	19872	0	1	0	0	0	0	0	0	1	1	1	1	1	1	0	0	117	2442	63996	0	9444	9444	0	0	17075	16	124	133	NORM	CH_E	15	0
20131205-082444	15509	990244	4503950	1758192	2745758	1420564	19872	0	1	0	0	0	0	0	0	1	1	1	1	1	1	0	0	117	2442	63975	0	9444	9444	0	0	17073	17	124	133	NORM	CH_E	15	0
20131205-082446	15509	990244	4503950	1758192	2745758	1420564	19872	0	1	0	0	0	0	0	0	1	1	1	1	1	1	0	0	117	2442	63975	0	9444	9444	0	0	17069	16	124	133	NORM	CH_E	15	0
20131205-082448	15509	990244	4503950	1758192	2745758	1420564	19872	0	1	0	0	0	0	0	0	1	1	1	1	1	1	0	0	117	2442	63965	0	9509	9444	0	0	17060	16	124	133	NORM	CH_E	15	0
20131205-082452	15509	990244	4503950	1758192	2745758	1420564	19872	0	1	0	0	0	0	0	0	1	1	1	1	1	1	0	0	117	2442	63975	0	9444	9444	0	0	17058	16	124	142	NORM	CH_E	15	0
20131205-082456	15509	990244	4503950	1758192	2745758	1420564	19872	0	1	0	0	0	0	0	0	1	1	1	1	1	1	0	0	117	2442	63975	0	9444	9444	0	0	17066	16	124	142	NORM	CH_E	15	0
20131205-082500	15509	990244	4503950	1758192	2745758	1420564	19872	0	1	0	0	0	0	0	0	1	1	1	1	1	1	0	0	117	2442	63975	0	9444	9444	0	0	17069	15	115	133	NORM	CH_E	15	0
20131205-082502	15509	990244	4503950	1758192	2745758	1420564	19872	0	1	0	0	0	0	0	0	1	1	1	1	1	1	0	0	117	2442	63975	0	9509	9509	0	0	17069	16	115	133	NORM	CH_E	15	0
20131205-082506	15509	990244	4503950	1758192	2745758	1420564	19872	0	1	0	0	0	0	0	0	1	1	1	1	1	1	0	0	117	2442	63965	0	9444	9444	0	0	17066	15	115	133	NORM	CH_E	15	0
20131205-082508	15509	990244	4503950	1758192	2745758	1420564	19872	0	1	0	0	0	0	0	0	1	1	1	1	1	1	0	0	117	2442	63965	0	9509	9509	0	0	17069	21	142	151	NORM	CH_E	15	0
20131205-082510	15509	990244	4503950	1758192	2745758	1420564	19872	0	1	0	0	0	0	0	0	1	1	1	1	1	1	0	0	117	2442	63975	0	9444	9444	0	0	17070	21	142	151	NORM	CH_E	15	0
20131205-082512	15509	990244	4503950	1758192	2745758	1420564	19872	0	1	0	0	0	0	0	0	1	1	1	1	1	1	0	0	117	2442	63975	0	9444	9444	0	0	17070	21	142	151	NORM	CH_E	15	0
20131205-082514	15509	990244	4503950	1758192	2745758	1420564	19872	0	1	0	0	0	0	0	0	1	1	1	1	1	1	0	0	117	2442	63975	0	9509	9509	0	0	17076	21	142	159	NORM	CH_E	15	0
20131205-082516	15509	990244	4503950	1758192	2745758	1420564	19872	0	1	0	0	0	0	0	0	1	1	1	1	1	1	0	0	117	2442	63965	0	9509	9509	0	0	17066	21	142	151	NORM	CH_E	15	0
20131205-082520	15509	990244	4503950	1758192	2745758	1420564	19872	0	1	0	0	0	0	0	0	1	1	1	1	1	1	0	0	117	2442	63816	0	10151	10151	0	0	17060	21	142	159	NORM	CH_E	15	0
20131205-082524	15509	990244	4503950	1758192	2745758	1420564	19872	0	1	0	0	0	0	0	1	0	1	1	1	1	1	0	0	117	2442	63933	0	9701	9701	0	0	17052	25	159	177	NORM	FIM_M	15	0
20131205-082528	15509	990244	4503950	1758192	2745758	1420564	19872	0	1	0	0	0	0	0	1	0	1	1	1	1	1	0	0	117	2442	63954	0	9573	9573	0	0	17069	21	142	159	NORM	N_D	15	0
20131205-082532	15509	990244	4503950	1758192	2745758	1420564	19872	0	1	0	0	0	0	0	1	0	1	1	1	1	1	0	0	117	2442	63975	0	9444	9444	0	0	17048	21	142	159	NORM	N_D	0	0
20131205-082534	15509	990244	4503950	1758192	2745758	1420564	19872	0	1	0	0	0	0	0	1	0	1	1	1	1	1	0	0	117	2442	63965	0	9444	9444	0	0	17049	21	142	151	NORM	N_D	0	0
20131205-082538	15509	990244	4503950	1758192	2745758	1420564	19872	0	1	0	0	0	0	0	1	0	1	1	1	1	1	1	0	117	2442	63975	0	9444	9444	0	0	17051	5	17	44	OFF	N_D	0	0
#eof
